company_id,val_id,edge_typ,node_typ
Q746639,Q100252087,INDUSTRY,Industry
Q16985599,Q15067276,INDUSTRY,Industry
Q608845,Q171141,INDUSTRY,Industry
Q7557166,Q941594,INDUSTRY,Industry
Q683146,Q3972943,INDUSTRY,Industry
Q44941890,Q131746,INDUSTRY,Industry
Q7679879,Q25245117,INDUSTRY,Industry
Q106675801,Q941594,INDUSTRY,Industry
Q7994069,Q12684,INDUSTRY,Industry
Q12019314,Q242468,INDUSTRY,Industry
Q108907377,Q1407228,INDUSTRY,Industry
Q108907377, Q11425,INDUSTRY,Industry
Q6677525,Q107601756,INDUSTRY,Industry
Q6677525, Q29585019,INDUSTRY,Industry
Q6677525, Q540912,INDUSTRY,Industry
Q5424713,Q180388,INDUSTRY,Industry
Q61787600,Q58578097,INDUSTRY,Industry
Q61787600, Q36457713,INDUSTRY,Industry
Q61787600, Q35963963,INDUSTRY,Industry
Q61787600, Q179661,INDUSTRY,Industry
Q61787600, Q9350,INDUSTRY,Industry
Q6115814,Q126793,INDUSTRY,Industry
Q4018906,Q869095,INDUSTRY,Industry
Q104845515,Q941594,INDUSTRY,Industry
Q9531,Q56611639,INDUSTRY,Industry
Q9531, Q15078788,INDUSTRY,Industry
Q9531, Q11030,INDUSTRY,Industry
Q18712468,Q14864997,INDUSTRY,Industry
Q1256028,Q2316331,INDUSTRY,Industry
Q17103499,Q870895,INDUSTRY,Industry
Q7454826,Q880371,INDUSTRY,Industry
Q611508,Q941594,INDUSTRY,Industry
Q491748,Q23671509,INDUSTRY,Industry
Q491748, Q23700345,INDUSTRY,Industry
Q246655,Q126793,INDUSTRY,Industry
Q511988,Q941594,INDUSTRY,Industry
Q98168926,Q941594,INDUSTRY,Industry
Q17017989,Q941594,INDUSTRY,Industry
Q4923333,Q126793,INDUSTRY,Industry
Q6824499,Q837171,INDUSTRY,Industry
Q692179,Q112166112,INDUSTRY,Industry
Q138133,Q1341477,INDUSTRY,Industry
Q138133, Q1326594,INDUSTRY,Industry
Q138133, Q2151621,INDUSTRY,Industry
Q16995438,Q39809,INDUSTRY,Industry
Q1934568,Q880371,INDUSTRY,Industry
Q5228057,Q998426,INDUSTRY,Industry
Q17016943,Q15067276,INDUSTRY,Industry
Q5888229,Q126793,INDUSTRY,Industry
Q25936435,Q56611700,INDUSTRY,Industry
Q25936435, Q21157865,INDUSTRY,Industry
Q25936435, Q1068473,INDUSTRY,Industry
Q25936435, Q880371,INDUSTRY,Industry
Q25936435, Q638608,INDUSTRY,Industry
Q25936435, Q11661,INDUSTRY,Industry
Q25936435, Q86478515,INDUSTRY,Industry
Q1435702,Q696935,INDUSTRY,Industry
Q98544768,Q474200,INDUSTRY,Industry
Q5443673,Q126793,INDUSTRY,Industry
Q114826765,Q126793,INDUSTRY,Industry
Q2670328,Q126793,INDUSTRY,Industry
Q675808,Q171141,INDUSTRY,Industry
Q6100964,Q16319025,INDUSTRY,Industry
Q3398786,Q126793,INDUSTRY,Industry
Q6899359,Q484847,INDUSTRY,Industry
Q85781784,Q285223,INDUSTRY,Industry
Q16250791,Q3565868,INDUSTRY,Industry
Q779252,Q335415,INDUSTRY,Industry
Q6112633,Q126793,INDUSTRY,Industry
Q5118192,Q837171,INDUSTRY,Industry
Q5284447,Q385378,INDUSTRY,Industry
Q105106325,Q56560668,INDUSTRY,Industry
Q106689581,Q837171,INDUSTRY,Industry
Q35935,Q190117,INDUSTRY,Industry
Q85765904,Q126793,INDUSTRY,Industry
Q1374135,Q2518196,INDUSTRY,Industry
Q1374135, Q43183,INDUSTRY,Industry
Q457987,Q3477363,INDUSTRY,Industry
Q65089884,Q2867142,INDUSTRY,Industry
Q27067400,Q869095,INDUSTRY,Industry
Q54001625,Q39809,INDUSTRY,Industry
Q100298902,Q126793,INDUSTRY,Industry
Q1783815,Q941594,INDUSTRY,Industry
Q28793025,Q10481245,INDUSTRY,Industry
Q28793025, Q11661,INDUSTRY,Industry
Q746413,Q3972943,INDUSTRY,Industry
Q7538912,Q126793,INDUSTRY,Industry
Q5360096,Q869095,INDUSTRY,Industry
Q7939294,Q25245117,INDUSTRY,Industry
Q1918981,Q126793,INDUSTRY,Industry
Q27224,Q190117,INDUSTRY,Industry
Q7435719,Q126793,INDUSTRY,Industry
Q7775853,Q126793,INDUSTRY,Industry
Q17072915,Q65645666,INDUSTRY,Industry
Q17072915, Q29959484,INDUSTRY,Industry
Q17072915, Q1130645,INDUSTRY,Industry
Q17072915, Q80083,INDUSTRY,Industry
Q17072915, Q341,INDUSTRY,Industry
Q17072915, Q86623052,INDUSTRY,Industry
Q99197486,Q11828862,INDUSTRY,Industry
Q99197486, Q161439,INDUSTRY,Industry
Q99197486, Q12684,INDUSTRY,Industry
Q7417063,Q15067276,INDUSTRY,Industry
Q591090,Q385378,INDUSTRY,Industry
Q6516115,Q15067276,INDUSTRY,Industry
Q26389854,Q39809,INDUSTRY,Industry
Q16980420,Q126793,INDUSTRY,Industry
Q278948,Q12684,INDUSTRY,Industry
Q61942576,Q941594,INDUSTRY,Industry
Q110746130,Q941594,INDUSTRY,Industry
Q1190881,Q57262255,INDUSTRY,Industry
Q1190881, Q3246832,INDUSTRY,Industry
Q1190881, Q207652,INDUSTRY,Industry
Q5328781,Q15067276,INDUSTRY,Industry
Q30338362,Q880371,INDUSTRY,Industry
Q3191701,Q126793,INDUSTRY,Industry
Q5165836,Q15978655,INDUSTRY,Industry
Q19893023,Q592614,INDUSTRY,Industry
Q7995442,Q126793,INDUSTRY,Industry
Q7833987,Q43015,INDUSTRY,Industry
Q7833987, Q837171,INDUSTRY,Industry
Q7833987, Q43183,INDUSTRY,Industry
Q98456772,Q126793,INDUSTRY,Industry
Q980729,Q941594,INDUSTRY,Industry
Q102424064,Q941594,INDUSTRY,Industry
Q57476904,Q941594,INDUSTRY,Industry
Q42417805,Q97486561,INDUSTRY,Industry
Q3115835,Q4438117,INDUSTRY,Industry
Q25160373,Q837171,INDUSTRY,Industry
Q20877059,Q1495452,INDUSTRY,Industry
Q50079115,Q941594,INDUSTRY,Industry
Q50079115, Q11661,INDUSTRY,Industry
Q106317743,Q540912,INDUSTRY,Industry
Q106317743, Q126793,INDUSTRY,Industry
Q255059,Q1227658,INDUSTRY,Industry
Q4346145,Q126793,INDUSTRY,Industry
Q107643213,Q941594,INDUSTRY,Industry
Q701338,Q126793,INDUSTRY,Industry
Q7058537,Q1951366,INDUSTRY,Industry
Q113599655,Q837171,INDUSTRY,Industry
Q108565256,Q2151621,INDUSTRY,Industry
Q108085121,Q1254596,INDUSTRY,Industry
Q30688042,Q11828862,INDUSTRY,Industry
Q3127437,Q837171,INDUSTRY,Industry
Q1636545,Q3972943,INDUSTRY,Industry
Q2108217,Q3972943,INDUSTRY,Industry
Q2613366,Q57774188,INDUSTRY,Industry
Q2613366, Q29584334,INDUSTRY,Industry
Q520445,Q289,INDUSTRY,Industry
Q21716372,Q11828862,INDUSTRY,Industry
Q1938876,Q131026,INDUSTRY,Industry
Q192621,Q11030,INDUSTRY,Industry
Q30293091,Q15067276,INDUSTRY,Industry
Q108431347,Q941594,INDUSTRY,Industry
Q5086824,Q5467169,INDUSTRY,Industry
Q7570621,Q474883,INDUSTRY,Industry
Q489097,Q23671509,INDUSTRY,Industry
Q489097, Q112166036,INDUSTRY,Industry
Q489097, Q23700345,INDUSTRY,Industry
Q489097, Q23699878,INDUSTRY,Industry
Q249798,Q3972943,INDUSTRY,Industry
Q128523,Q941594,INDUSTRY,Industry
Q5289614,Q880371,INDUSTRY,Industry
Q683102,Q540912,INDUSTRY,Industry
Q65049912,Q126793,INDUSTRY,Industry
Q85845553,Q15067276,INDUSTRY,Industry
Q85845553, Q12752882,INDUSTRY,Industry
Q2602093,Q941594,INDUSTRY,Industry
Q5528640,Q1055825,INDUSTRY,Industry
Q5016632,Q1311064,INDUSTRY,Industry
Q1434528,Q126793,INDUSTRY,Industry
Q50347634,Q19595701,INDUSTRY,Industry
Q30254127,Q15067276,INDUSTRY,Industry
Q1471161,Q107601756,INDUSTRY,Industry
Q1471161, Q29584260,INDUSTRY,Industry
Q1471161, Q907703,INDUSTRY,Industry
Q4859884,Q31207,INDUSTRY,Industry
Q17061943,Q15067276,INDUSTRY,Industry
Q57362423,Q941594,INDUSTRY,Industry
Q951830,Q1894248,INDUSTRY,Industry
Q16989235,Q15067276,INDUSTRY,Industry
Q7065448,Q56611639,INDUSTRY,Industry
Q958053,Q190117,INDUSTRY,Industry
Q7098810,Q31207,INDUSTRY,Industry
Q5100384,Q2018526,INDUSTRY,Industry
Q105701837,Q941594,INDUSTRY,Industry
Q585150,Q44497,INDUSTRY,Industry
Q481356,Q837171,INDUSTRY,Industry
Q1245484,Q3972943,INDUSTRY,Industry
Q1336200,Q29585658,INDUSTRY,Industry
Q1562826,Q25245117,INDUSTRY,Industry
Q48990121,Q1415395,INDUSTRY,Industry
Q5519528,Q11416,INDUSTRY,Industry
Q114763500,Q190117,INDUSTRY,Industry
Q16984508,Q126793,INDUSTRY,Industry
Q4914683,Q31207,INDUSTRY,Industry
Q7985792,Q15067276,INDUSTRY,Industry
Q110984949,Q274393,INDUSTRY,Industry
Q2109109,Q2898326,INDUSTRY,Industry
Q18819564,Q941594,INDUSTRY,Industry
Q56151092,Q941594,INDUSTRY,Industry
Q553658,Q941594,INDUSTRY,Industry
Q4867321,Q15067276,INDUSTRY,Industry
Q17032096,Q126793,INDUSTRY,Industry
Q390107,Q29584453,INDUSTRY,Industry
Q390107, Q11828862,INDUSTRY,Industry
Q390107, Q107601662,INDUSTRY,Industry
Q3403981,Q540912,INDUSTRY,Industry
Q5137069,Q540912,INDUSTRY,Industry
Q5137069, Q126793,INDUSTRY,Industry
Q7072246,Q1472399,INDUSTRY,Industry
Q63001935,Q540912,INDUSTRY,Industry
Q7428189,Q126793,INDUSTRY,Industry
Q41171672,Q126793,INDUSTRY,Industry
Q557632,Q8148,INDUSTRY,Industry
Q5936029,Q15067276,INDUSTRY,Industry
Q652047,Q4438117,INDUSTRY,Industry
Q652047, Q607081,INDUSTRY,Industry
Q109531508,Q941594,INDUSTRY,Industry
Q4835011,Q15078788,INDUSTRY,Industry
Q56641082,Q941594,INDUSTRY,Industry
Q2687460,Q941594,INDUSTRY,Industry
Q63076799,Q806718,INDUSTRY,Industry
Q16251963,Q15067276,INDUSTRY,Industry
Q30021879,Q1495452,INDUSTRY,Industry
Q689059,Q112165788,INDUSTRY,Industry
Q689059, Q126793,INDUSTRY,Industry
Q587270,Q3972943,INDUSTRY,Industry
Q91307483,Q112165722,INDUSTRY,Industry
Q302251,Q941594,INDUSTRY,Industry
Q5253950,Q869095,INDUSTRY,Industry
Q6127470,Q20679540,INDUSTRY,Industry
Q5563270,Q2095,INDUSTRY,Industry
Q28401395,Q12684,INDUSTRY,Industry
Q603059,Q173799,INDUSTRY,Industry
Q551566,Q746359,INDUSTRY,Industry
Q502470,Q29585244,INDUSTRY,Industry
Q502470, Q207652,INDUSTRY,Industry
Q821293,Q44497,INDUSTRY,Industry
Q821293, Q11426,INDUSTRY,Industry
Q821058,Q43183,INDUSTRY,Industry
Q19604604,Q15067276,INDUSTRY,Industry
Q2001085,Q22667,INDUSTRY,Industry
Q2001085, Q7590,INDUSTRY,Industry
Q28126625,Q5001961,INDUSTRY,Industry
Q28126625, Q1069369,INDUSTRY,Industry
Q28126625, Q180388,INDUSTRY,Industry
Q5025024,Q913709,INDUSTRY,Industry
Q5025024, Q446760,INDUSTRY,Industry
Q5025024, Q268626,INDUSTRY,Industry
Q63644030,Q941594,INDUSTRY,Industry
Q6841138,Q29586127,INDUSTRY,Industry
Q6841138, Q126793,INDUSTRY,Industry
Q8055763,Q474883,INDUSTRY,Industry
Q5168442,Q4899370,INDUSTRY,Industry
Q2106078,Q9323634,INDUSTRY,Industry
Q104864975,Q941594,INDUSTRY,Industry
Q105722121,Q941594,INDUSTRY,Industry
Q683098,Q126793,INDUSTRY,Industry
Q468157,Q746359,INDUSTRY,Industry
Q52159607,Q941594,INDUSTRY,Industry
Q19870995,Q126793,INDUSTRY,Industry
Q157062,Q13554450,INDUSTRY,Industry
Q157062, Q3246832,INDUSTRY,Industry
Q157062, Q1979901,INDUSTRY,Industry
Q157062, Q1187656,INDUSTRY,Industry
Q157062, Q540912,INDUSTRY,Industry
Q157062, Q207652,INDUSTRY,Industry
Q157062, Q107601756,INDUSTRY,Industry
Q157062, Q29584487,INDUSTRY,Industry
Q157062, Q29584437,INDUSTRY,Industry
Q157062, Q29584436,INDUSTRY,Industry
Q157062, Q29584433,INDUSTRY,Industry
Q96375000,Q880371,INDUSTRY,Industry
Q5140923,Q11707,INDUSTRY,Industry
Q25206290,Q837171,INDUSTRY,Industry
Q25206290, Q7397,INDUSTRY,Industry
Q20979091,Q15067276,INDUSTRY,Industry
Q30285179,Q7397,INDUSTRY,Industry
Q108897827,Q3972943,INDUSTRY,Industry
Q17028004,Q15067276,INDUSTRY,Industry
Q7643261,Q126793,INDUSTRY,Industry
Q28451018,Q16319025,INDUSTRY,Industry
Q152057,Q862571,INDUSTRY,Industry
Q50379735,Q15067276,INDUSTRY,Industry
Q1781087,Q107598107,INDUSTRY,Industry
Q1781087, Q207822,INDUSTRY,Industry
Q114826023,Q126793,INDUSTRY,Industry
Q3045865,Q2151621,INDUSTRY,Industry
Q2925725,Q1304795,INDUSTRY,Industry
Q5890431,Q5889160,INDUSTRY,Industry
Q5890431, Q474883,INDUSTRY,Industry
Q5016214,Q28873643,INDUSTRY,Industry
Q18712957,Q484847,INDUSTRY,Industry
Q5141908,Q77590,INDUSTRY,Industry
Q503176,Q177923,INDUSTRY,Industry
Q6280747,Q126793,INDUSTRY,Industry
Q22000919,Q10932402,INDUSTRY,Industry
Q22000919, Q484847,INDUSTRY,Industry
Q5019422,Q869095,INDUSTRY,Industry
Q39738082,Q32350958,INDUSTRY,Industry
Q747678,Q126793,INDUSTRY,Industry
Q7726526,Q9323634,INDUSTRY,Industry
Q109422953,Q941594,INDUSTRY,Industry
Q30254136,Q15067276,INDUSTRY,Industry
Q105938854,Q41958,INDUSTRY,Industry
Q98561138,Q638,INDUSTRY,Industry
Q1550912,Q2729047,INDUSTRY,Industry
Q1550912, Q508378,INDUSTRY,Industry
Q1550912, Q190117,INDUSTRY,Industry
Q1550912, Q5268834,INDUSTRY,Industry
Q1550912, Q3510521,INDUSTRY,Industry
Q1550912, Q3477363,INDUSTRY,Industry
Q33198629,Q941594,INDUSTRY,Industry
Q1023876,Q43015,INDUSTRY,Industry
Q911367,Q869095,INDUSTRY,Industry
Q6516806,Q932586,INDUSTRY,Industry
Q7412675,Q869095,INDUSTRY,Industry
Q7756612,Q25245117,INDUSTRY,Industry
Q1142797,Q837171,INDUSTRY,Industry
Q7929051,Q507443,INDUSTRY,Industry
Q4967357,Q126793,INDUSTRY,Industry
Q95921298,Q12684,INDUSTRY,Industry
Q17018808,Q15067276,INDUSTRY,Industry
Q1344680,Q212198,INDUSTRY,Industry
Q91440588,Q13107184,INDUSTRY,Industry
Q91440588, Q126793,INDUSTRY,Industry
Q7232504,Q474883,INDUSTRY,Industry
Q5193845,Q1416657,INDUSTRY,Industry
Q109949399,Q941594,INDUSTRY,Industry
Q5477251,Q16148831,INDUSTRY,Industry
Q5477251, Q1660132,INDUSTRY,Industry
Q791179,Q837171,INDUSTRY,Industry
Q791179, Q43183,INDUSTRY,Industry
Q24910475,Q3406654,INDUSTRY,Industry
Q1630451,Q746359,INDUSTRY,Industry
Q108537438,Q540912,INDUSTRY,Industry
Q108537438, Q30022,INDUSTRY,Industry
Q108537438, Q8486,INDUSTRY,Industry
Q109418010,Q941594,INDUSTRY,Industry
Q5874552,Q15978655,INDUSTRY,Industry
Q105958886,Q2516512,INDUSTRY,Industry
Q3003175,Q207652,INDUSTRY,Industry
Q1504025,Q190117,INDUSTRY,Industry
Q111589557,Q23700345,INDUSTRY,Industry
Q892447,Q177923,INDUSTRY,Industry
Q4836931,Q126793,INDUSTRY,Industry
Q7240340,Q1528905,INDUSTRY,Industry
Q245343,Q29584334,INDUSTRY,Industry
Q245343, Q1416657,INDUSTRY,Industry
Q245343, Q837171,INDUSTRY,Industry
Q245343, Q806718,INDUSTRY,Industry
Q30512311,Q12303494,INDUSTRY,Industry
Q56367812,Q2729047,INDUSTRY,Industry
Q7898585,Q63801181,INDUSTRY,Industry
Q1043403,Q49389,INDUSTRY,Industry
Q6516227,Q126793,INDUSTRY,Industry
Q111517339,Q57261433,INDUSTRY,Industry
Q111517339, Q1824132,INDUSTRY,Industry
Q4986416,Q385378,INDUSTRY,Industry
Q111680985,Q587992,INDUSTRY,Industry
Q111680985, Q484847,INDUSTRY,Industry
Q111680985, Q190117,INDUSTRY,Industry
Q2141800,Q9323634,INDUSTRY,Industry
Q2141800, Q1495452,INDUSTRY,Industry
Q5666409,Q15067276,INDUSTRY,Industry
Q6907777,Q5892272,INDUSTRY,Industry
Q627381,Q29584334,INDUSTRY,Industry
Q627381, Q837171,INDUSTRY,Industry
Q627381, Q806718,INDUSTRY,Industry
Q6754124,Q126793,INDUSTRY,Industry
Q16983668,Q11707,INDUSTRY,Industry
Q50610363,Q945434,INDUSTRY,Industry
Q4809864,Q4116214,INDUSTRY,Industry
Q7832418,Q1495452,INDUSTRY,Industry
Q1799875,Q61054412,INDUSTRY,Industry
Q18358947,Q12303494,INDUSTRY,Industry
Q17027528,Q12684,INDUSTRY,Industry
Q259013,Q1341477,INDUSTRY,Industry
Q7155843,Q126793,INDUSTRY,Industry
Q1508259,Q3972943,INDUSTRY,Industry
Q114896651,Q11033,INDUSTRY,Industry
Q4971696,Q4899370,INDUSTRY,Industry
Q332474,Q29584705,INDUSTRY,Industry
Q332474, Q126793,INDUSTRY,Industry
Q863618,Q941594,INDUSTRY,Industry
Q60299,Q126793,INDUSTRY,Industry
Q16968376,Q7406919,INDUSTRY,Industry
Q30254137,Q15067276,INDUSTRY,Industry
Q101461338,Q39809,INDUSTRY,Industry
Q17512853,Q173799,INDUSTRY,Industry
Q110189455,Q941594,INDUSTRY,Industry
Q641722,Q5915560,INDUSTRY,Industry
Q23901,Q941594,INDUSTRY,Industry
Q731938,Q507443,INDUSTRY,Industry
Q731938, Q7108,INDUSTRY,Industry
Q7330409,Q126793,INDUSTRY,Industry
Q2000610,Q1996635,INDUSTRY,Industry
Q2000610, Q126793,INDUSTRY,Industry
Q6731427,Q126793,INDUSTRY,Industry
Q945060,Q941594,INDUSTRY,Industry
Q5225943,Q869095,INDUSTRY,Industry
Q100298474,Q126793,INDUSTRY,Industry
Q29561094,Q75,INDUSTRY,Industry
Q1501071,Q1311670,INDUSTRY,Industry
Q17020308,Q15067276,INDUSTRY,Industry
Q7304475,Q19047234,INDUSTRY,Industry
Q7304475, Q2356594,INDUSTRY,Industry
Q7304475, Q484847,INDUSTRY,Industry
Q2786319,Q126793,INDUSTRY,Industry
Q5192253,Q104776084,INDUSTRY,Industry
Q19654399,Q126793,INDUSTRY,Industry
Q17066359,Q15067276,INDUSTRY,Industry
Q924477,Q56611639,INDUSTRY,Industry
Q7758738,Q212198,INDUSTRY,Industry
Q16991969,Q57774188,INDUSTRY,Industry
Q372435,Q216931,INDUSTRY,Industry
Q5454046,Q1951366,INDUSTRY,Industry
Q118046,Q25245117,INDUSTRY,Industry
Q17062119,Q15067276,INDUSTRY,Industry
Q50843317,Q4236462,INDUSTRY,Industry
Q50843317, Q211841,INDUSTRY,Industry
Q50843317, Q8486,INDUSTRY,Industry
Q59536221,Q77590,INDUSTRY,Industry
Q6925414,Q126793,INDUSTRY,Industry
Q5423915,Q126793,INDUSTRY,Industry
Q4856481,Q1618728,INDUSTRY,Industry
Q4856481, Q1304795,INDUSTRY,Industry
Q4856481, Q44497,INDUSTRY,Industry
Q110069874,Q941594,INDUSTRY,Industry
Q643626,Q190117,INDUSTRY,Industry
Q16947378,Q4387609,INDUSTRY,Industry
Q1903235,Q3477363,INDUSTRY,Industry
Q2680856,Q941594,INDUSTRY,Industry
Q112614221,Q11033,INDUSTRY,Industry
Q4861025,Q15067276,INDUSTRY,Industry
Q5912194,Q27686,INDUSTRY,Industry
Q3115866,Q4438117,INDUSTRY,Industry
Q3370417,Q112165161,INDUSTRY,Industry
Q1198156,Q178512,INDUSTRY,Industry
Q5336719,Q28873643,INDUSTRY,Industry
Q16988978,Q15067276,INDUSTRY,Industry
Q1986392,Q11828862,INDUSTRY,Industry
Q20711812,Q11519832,INDUSTRY,Industry
Q20711812, Q5988434,INDUSTRY,Industry
Q17061407,Q15067276,INDUSTRY,Industry
Q7099117,Q862571,INDUSTRY,Industry
Q7310479,Q12684,INDUSTRY,Industry
Q5528519,Q998426,INDUSTRY,Industry
Q1993220,Q187939,INDUSTRY,Industry
Q13390603,Q1121542,INDUSTRY,Industry
Q8029787,Q126793,INDUSTRY,Industry
Q50508098,Q15067276,INDUSTRY,Industry
Q4633377,Q2836940,INDUSTRY,Industry
Q15139453,Q1757562,INDUSTRY,Industry
Q54130855,Q941594,INDUSTRY,Industry
Q16825378,Q126793,INDUSTRY,Industry
Q107452237,Q941594,INDUSTRY,Industry
Q113164425,Q21422876,INDUSTRY,Industry
Q113164425, Q786803,INDUSTRY,Industry
Q113164425, Q190117,INDUSTRY,Industry
Q173146,Q190117,INDUSTRY,Industry
Q122141,Q25245117,INDUSTRY,Industry
Q3105441,Q81799,INDUSTRY,Industry
Q7079121,Q12684,INDUSTRY,Industry
Q4789707,Q126793,INDUSTRY,Industry
Q110420515,Q16319025,INDUSTRY,Industry
Q110420515, Q837171,INDUSTRY,Industry
Q5133643,Q941594,INDUSTRY,Industry
Q78192049,Q1495452,INDUSTRY,Industry
Q42891549,Q932586,INDUSTRY,Industry
Q4975664,Q869095,INDUSTRY,Industry
Q2905612,Q998426,INDUSTRY,Industry
Q2905612, Q220695,INDUSTRY,Industry
Q2905612, Q126793,INDUSTRY,Industry
Q61716258,Q11016,INDUSTRY,Industry
Q54621344,Q1506462,INDUSTRY,Industry
Q98456399,Q15067276,INDUSTRY,Industry
Q17059007,Q15067276,INDUSTRY,Industry
Q557620,Q180910,INDUSTRY,Industry
Q557620, Q11416,INDUSTRY,Industry
Q7533407,Q941594,INDUSTRY,Industry
Q46992027,Q1924906,INDUSTRY,Industry
Q17027712,Q15067276,INDUSTRY,Industry
Q952164,Q941594,INDUSTRY,Industry
Q16255869,Q941594,INDUSTRY,Industry
Q5519902,Q941594,INDUSTRY,Industry
Q5668069,Q126793,INDUSTRY,Industry
Q16966284,Q15067276,INDUSTRY,Industry
Q106391900,Q26897133,INDUSTRY,Industry
Q8025121,Q180846,INDUSTRY,Industry
Q7989031,Q3972943,INDUSTRY,Industry
Q51010538,Q941594,INDUSTRY,Industry
Q8056788,Q289,INDUSTRY,Industry
Q16993973,Q15067276,INDUSTRY,Industry
Q3069980,Q126793,INDUSTRY,Industry
Q110068116,Q941594,INDUSTRY,Industry
Q16931747,Q837171,INDUSTRY,Industry
Q1778417,Q1341478,INDUSTRY,Industry
Q1778417, Q1341477,INDUSTRY,Industry
Q5249959,Q474883,INDUSTRY,Industry
Q739518,Q2029911,INDUSTRY,Industry
Q109973018,Q190117,INDUSTRY,Industry
Q27907429,Q4379497,INDUSTRY,Industry
Q6823260,Q418,INDUSTRY,Industry
Q7137787,Q49389,INDUSTRY,Industry
Q9293447,Q811530,INDUSTRY,Industry
Q25111530,Q11828862,INDUSTRY,Industry
Q25111530, Q126793,INDUSTRY,Industry
Q5917245,Q107601756,INDUSTRY,Industry
Q5017261,Q11707,INDUSTRY,Industry
Q5943510,Q212198,INDUSTRY,Industry
Q4942146,Q12684,INDUSTRY,Industry
Q670413,Q880371,INDUSTRY,Industry
Q43863271,Q10494269,INDUSTRY,Industry
Q71116581,Q112165767,INDUSTRY,Industry
Q3340012,Q112165767,INDUSTRY,Industry
Q5175072,Q126793,INDUSTRY,Industry
Q1937120,Q3565868,INDUSTRY,Industry
Q106874663,Q941594,INDUSTRY,Industry
Q2567775,Q941594,INDUSTRY,Industry
Q1759255,Q418,INDUSTRY,Industry
Q5295525,Q15067276,INDUSTRY,Industry
Q1988059,Q941594,INDUSTRY,Industry
Q234803,Q190117,INDUSTRY,Industry
Q4983214,Q29585434,INDUSTRY,Industry
Q4983214, Q29585433,INDUSTRY,Industry
Q4983214, Q385378,INDUSTRY,Industry
Q4929261,Q126793,INDUSTRY,Industry
Q2755989,Q173799,INDUSTRY,Industry
Q4897425,Q11416,INDUSTRY,Industry
Q7338179,Q540912,INDUSTRY,Industry
Q7338179, Q126793,INDUSTRY,Industry
Q4865798,Q15067276,INDUSTRY,Industry
Q3853911,Q7590,INDUSTRY,Industry
Q838832,Q190117,INDUSTRY,Industry
Q4651295,Q837171,INDUSTRY,Industry
Q4651295, Q43183,INDUSTRY,Industry
Q699810,Q107598107,INDUSTRY,Industry
Q699810, Q899704,INDUSTRY,Industry
Q699810, Q127418,INDUSTRY,Industry
Q699810, Q11034,INDUSTRY,Industry
Q101044333,Q126793,INDUSTRY,Industry
Q85593294,Q23670565,INDUSTRY,Industry
Q4045077,Q941594,INDUSTRY,Industry
Q1627928,Q177923,INDUSTRY,Industry
Q494917,Q3972943,INDUSTRY,Industry
Q494917, Q3569648,INDUSTRY,Industry
Q494917, Q778575,INDUSTRY,Industry
Q494917, Q746359,INDUSTRY,Industry
Q494917, Q540912,INDUSTRY,Industry
Q494917, Q49389,INDUSTRY,Industry
Q494917, Q22687,INDUSTRY,Industry
Q494917, Q11190,INDUSTRY,Industry
Q494917, Q418,INDUSTRY,Industry
Q28403206,Q43183,INDUSTRY,Industry
Q7114191,Q1951366,INDUSTRY,Industry
Q4865350,Q37038,INDUSTRY,Industry
Q263465,Q1634416,INDUSTRY,Industry
Q99938733,Q99536263,INDUSTRY,Industry
Q99938733, Q507619,INDUSTRY,Industry
Q18389069,Q15067276,INDUSTRY,Industry
Q105672184,Q941594,INDUSTRY,Industry
Q108829640,Q11661,INDUSTRY,Industry
Q5671849,Q171141,INDUSTRY,Industry
Q1662481,Q92771830,INDUSTRY,Industry
Q593786,Q25245117,INDUSTRY,Industry
Q17056725,Q837171,INDUSTRY,Industry
Q4745963,Q11023,INDUSTRY,Industry
Q680946,Q3972943,INDUSTRY,Industry
Q1397778,Q11371,INDUSTRY,Industry
Q16828673,Q1495452,INDUSTRY,Industry
Q4045977,Q1495452,INDUSTRY,Industry
Q5179055,Q22687,INDUSTRY,Industry
Q97342443,Q12752882,INDUSTRY,Industry
Q4795774,Q418,INDUSTRY,Industry
Q160126,Q837171,INDUSTRY,Industry
Q160126, Q806718,INDUSTRY,Industry
Q160126, Q29584334,INDUSTRY,Industry
Q160126, Q1416657,INDUSTRY,Industry
Q89212210,Q178512,INDUSTRY,Industry
Q1465461,Q112046,INDUSTRY,Industry
Q2093972,Q746359,INDUSTRY,Industry
Q4943180,Q126793,INDUSTRY,Industry
Q8022185,Q385378,INDUSTRY,Industry
Q5182270,Q2095,INDUSTRY,Industry
Q110728545,Q899696,INDUSTRY,Industry
Q1435010,Q638608,INDUSTRY,Industry
Q21008564,Q126793,INDUSTRY,Industry
Q107523662,Q941594,INDUSTRY,Industry
Q24298870,Q180846,INDUSTRY,Industry
Q18343921,Q15067276,INDUSTRY,Industry
Q819721,Q607081,INDUSTRY,Industry
Q4971009,Q678003,INDUSTRY,Industry
Q61786999,Q1625476,INDUSTRY,Industry
Q61786999, Q1433006,INDUSTRY,Industry
Q294317,Q3972943,INDUSTRY,Industry
Q3237793,Q126793,INDUSTRY,Industry
Q2307159,Q941594,INDUSTRY,Industry
Q112052578,Q29585658,INDUSTRY,Industry
Q856411,Q107601756,INDUSTRY,Industry
Q856411, Q29584260,INDUSTRY,Industry
Q856411, Q907703,INDUSTRY,Industry
Q5677759,Q869095,INDUSTRY,Industry
Q19840922,Q25245117,INDUSTRY,Industry
Q16997720,Q15067276,INDUSTRY,Industry
Q16995139,Q15067276,INDUSTRY,Industry
Q21061949,Q837171,INDUSTRY,Industry
Q60540983,Q837171,INDUSTRY,Industry
Q114599024,Q63769412,INDUSTRY,Industry
Q114599024, Q57774188,INDUSTRY,Industry
Q114599024, Q294217,INDUSTRY,Industry
Q114599024, Q11661,INDUSTRY,Industry
Q114599024, Q75,INDUSTRY,Industry
Q7072245,Q56598901,INDUSTRY,Industry
Q7072245, Q25245117,INDUSTRY,Industry
Q107856699,Q97466080,INDUSTRY,Industry
Q105078879,Q383973,INDUSTRY,Industry
Q18391352,Q15067276,INDUSTRY,Industry
Q190464,Q43183,INDUSTRY,Industry
Q190464, Q29584334,INDUSTRY,Industry
Q190464, Q1416657,INDUSTRY,Industry
Q190464, Q837171,INDUSTRY,Industry
Q190464, Q806718,INDUSTRY,Industry
Q6984027,Q3246832,INDUSTRY,Industry
Q7984154,Q474883,INDUSTRY,Industry
Q66717800,Q10302058,INDUSTRY,Industry
Q66717800, Q746359,INDUSTRY,Industry
Q7894780,Q15067276,INDUSTRY,Industry
Q108029365,Q880371,INDUSTRY,Industry
Q54304404,Q941594,INDUSTRY,Industry
Q55606653,Q15067276,INDUSTRY,Industry
Q926943,Q17018236,INDUSTRY,Industry
Q109830493,Q190117,INDUSTRY,Industry
Q2310500,Q3972943,INDUSTRY,Industry
Q6372713,Q37038,INDUSTRY,Industry
Q110339215,Q581105,INDUSTRY,Industry
Q1318049,Q39809,INDUSTRY,Industry
Q641555,Q3972943,INDUSTRY,Industry
Q1122899,Q16879932,INDUSTRY,Industry
Q4664506,Q7108,INDUSTRY,Industry
Q100297859,Q126793,INDUSTRY,Industry
Q108923987,Q941594,INDUSTRY,Industry
Q7186887,Q43183,INDUSTRY,Industry
Q19596240,Q15067276,INDUSTRY,Industry
Q19596564,Q15067276,INDUSTRY,Industry
Q113951821,Q941594,INDUSTRY,Industry
Q1794466,Q15067276,INDUSTRY,Industry
Q7168181,Q162402,INDUSTRY,Industry
Q618098,Q476115,INDUSTRY,Industry
Q618098, Q219409,INDUSTRY,Industry
Q7628112,Q368290,INDUSTRY,Industry
Q11149,Q11030,INDUSTRY,Industry
Q20709719,Q484847,INDUSTRY,Industry
Q107980182,Q941594,INDUSTRY,Industry
Q2573393,Q746359,INDUSTRY,Industry
Q4728473,Q12684,INDUSTRY,Industry
Q52926591,Q126793,INDUSTRY,Industry
Q59559127,Q941594,INDUSTRY,Industry
Q7726524,Q126793,INDUSTRY,Industry
Q1121403,Q383973,INDUSTRY,Industry
Q3197998,Q16148831,INDUSTRY,Industry
Q3197998, Q1618728,INDUSTRY,Industry
Q8036588,Q998426,INDUSTRY,Industry
Q6960507,Q282,INDUSTRY,Industry
Q6455435,Q126793,INDUSTRY,Industry
Q7438022,Q474883,INDUSTRY,Industry
Q613801,Q941594,INDUSTRY,Industry
Q16980636,Q4899370,INDUSTRY,Industry
Q212322,Q507443,INDUSTRY,Industry
Q212322, Q7108,INDUSTRY,Industry
Q499104,Q7406919,INDUSTRY,Industry
Q16598843,Q11707,INDUSTRY,Industry
Q971680,Q29584334,INDUSTRY,Industry
Q971680, Q1416657,INDUSTRY,Industry
Q971680, Q837171,INDUSTRY,Industry
Q971680, Q806718,INDUSTRY,Industry
Q548278,Q837171,INDUSTRY,Industry
Q548278, Q806718,INDUSTRY,Industry
Q548278, Q29584334,INDUSTRY,Industry
Q7099056,Q11396960,INDUSTRY,Industry
Q706247,Q126793,INDUSTRY,Industry
Q5641894,Q1310967,INDUSTRY,Industry
Q922344,Q126793,INDUSTRY,Industry
Q658998,Q49390,INDUSTRY,Industry
Q651140,Q941594,INDUSTRY,Industry
Q498563,Q126793,INDUSTRY,Industry
Q97344633,Q3510521,INDUSTRY,Industry
Q97344633, Q1481411,INDUSTRY,Industry
Q4835978,Q837171,INDUSTRY,Industry
Q1296097,Q540912,INDUSTRY,Industry
Q6094327,Q11030,INDUSTRY,Industry
Q17019348,Q15067276,INDUSTRY,Industry
Q183231,Q29584334,INDUSTRY,Industry
Q7060569,Q16968978,INDUSTRY,Industry
Q1384984,Q941594,INDUSTRY,Industry
Q16991647,Q22687,INDUSTRY,Industry
Q7934812,Q180388,INDUSTRY,Industry
Q7934812, Q132580,INDUSTRY,Industry
Q16953730,Q15067276,INDUSTRY,Industry
Q1494435,Q161439,INDUSTRY,Industry
Q17032964,Q15067276,INDUSTRY,Industry
Q27136461,Q869095,INDUSTRY,Industry
Q2742196,Q862571,INDUSTRY,Industry
Q108645806,Q746359,INDUSTRY,Industry
Q108645806, Q12684,INDUSTRY,Industry
Q7186410,Q4899370,INDUSTRY,Industry
Q2632192,Q941594,INDUSTRY,Industry
Q97584634,Q29586027,INDUSTRY,Industry
Q16967516,Q126793,INDUSTRY,Industry
Q30295392,Q192127,INDUSTRY,Industry
Q4829257,Q15067276,INDUSTRY,Industry
Q100372424,Q941594,INDUSTRY,Industry
Q40313937,Q1415395,INDUSTRY,Industry
Q40313937, Q426,INDUSTRY,Industry
Q59187,Q107597958,INDUSTRY,Industry
Q59187, Q190117,INDUSTRY,Industry
Q2108626,Q2887302,INDUSTRY,Industry
Q107313639,Q12752882,INDUSTRY,Industry
Q107313639, Q11828862,INDUSTRY,Industry
Q107313639, Q126793,INDUSTRY,Industry
Q56154673,Q11707,INDUSTRY,Industry
Q5128274,Q3972943,INDUSTRY,Industry
Q5128274, Q1004,INDUSTRY,Industry
Q7374195,Q15067276,INDUSTRY,Industry
Q5911369,Q305012,INDUSTRY,Industry
Q903805,Q126793,INDUSTRY,Industry
Q1881443,Q190117,INDUSTRY,Industry
Q55099570,Q126793,INDUSTRY,Industry
Q6369889,Q126793,INDUSTRY,Industry
Q3629491,Q11650,INDUSTRY,Industry
Q5244795,Q27686,INDUSTRY,Industry
Q7242219,Q11828862,INDUSTRY,Industry
Q98399086,Q10302058,INDUSTRY,Industry
Q827927,Q56598901,INDUSTRY,Industry
Q827927, Q25245117,INDUSTRY,Industry
Q827927, Q6482692,INDUSTRY,Industry
Q22907361,Q15067276,INDUSTRY,Industry
Q7385188,Q126793,INDUSTRY,Industry
Q12063852,Q97616144,INDUSTRY,Industry
Q55104023,Q27727342,INDUSTRY,Industry
Q152096,Q126793,INDUSTRY,Industry
Q795933,Q1356889,INDUSTRY,Industry
Q7863870,Q56611639,INDUSTRY,Industry
Q21061493,Q15067276,INDUSTRY,Industry
Q6107894,Q190117,INDUSTRY,Industry
Q1470848,Q837171,INDUSTRY,Industry
Q1470848, Q43183,INDUSTRY,Industry
Q5573225,Q837171,INDUSTRY,Industry
Q151779,Q126793,INDUSTRY,Industry
Q5436342,Q174219,INDUSTRY,Industry
Q24299769,Q15067276,INDUSTRY,Industry
Q50039646,Q63348704,INDUSTRY,Industry
Q16952323,Q15067276,INDUSTRY,Industry
Q5435841,Q126793,INDUSTRY,Industry
Q5222545,Q15067276,INDUSTRY,Industry
Q30640347,Q16319025,INDUSTRY,Industry
Q30640347, Q837171,INDUSTRY,Industry
Q30640347, Q592614,INDUSTRY,Industry
Q16966517,Q15067276,INDUSTRY,Industry
Q12073381,Q837171,INDUSTRY,Industry
Q4664502,Q7108,INDUSTRY,Industry
Q14956870,Q15067276,INDUSTRY,Industry
Q25041326,Q1521410,INDUSTRY,Industry
Q21592308,Q15067276,INDUSTRY,Industry
Q905049,Q507443,INDUSTRY,Industry
Q5048653,Q126793,INDUSTRY,Industry
Q7958471,Q126793,INDUSTRY,Industry
Q15070396,Q941594,INDUSTRY,Industry
Q2395492,Q107601756,INDUSTRY,Industry
Q2395492, Q627371,INDUSTRY,Industry
Q96405998,Q15067276,INDUSTRY,Industry
Q6508164,Q540912,INDUSTRY,Industry
Q13156826,Q998426,INDUSTRY,Industry
Q680991,Q7590,INDUSTRY,Industry
Q112118206,Q941594,INDUSTRY,Industry
Q5973741,Q837171,INDUSTRY,Industry
Q22101973,Q126793,INDUSTRY,Industry
Q109285858,Q112166021,INDUSTRY,Industry
Q109285858, Q837171,INDUSTRY,Industry
Q105637181,Q941594,INDUSTRY,Industry
Q21006819,Q126793,INDUSTRY,Industry
Q3183731,Q540912,INDUSTRY,Industry
Q7164595,Q22687,INDUSTRY,Industry
Q110484131,Q41958,INDUSTRY,Industry
Q582666,Q941594,INDUSTRY,Industry
Q113988629,Q126793,INDUSTRY,Industry
Q113988629, Q124946,INDUSTRY,Industry
Q21592499,Q15067276,INDUSTRY,Industry
Q4944037,Q126793,INDUSTRY,Industry
Q5413836,Q3565868,INDUSTRY,Industry
Q7755366,Q126793,INDUSTRY,Industry
Q6104441,Q869095,INDUSTRY,Industry
Q16988718,Q15067276,INDUSTRY,Industry
Q693730,Q19595701,INDUSTRY,Industry
Q693730, Q220499,INDUSTRY,Industry
Q85811208,Q56604674,INDUSTRY,Industry
Q108908102,Q3972943,INDUSTRY,Industry
Q7917205,Q1304795,INDUSTRY,Industry
Q105939173,Q41958,INDUSTRY,Industry
Q638098,Q49845,INDUSTRY,Industry
Q3088141,Q29584705,INDUSTRY,Industry
Q3088141, Q126793,INDUSTRY,Industry
Q1424962,Q4899370,INDUSTRY,Industry
Q1424962, Q1285245,INDUSTRY,Industry
Q2337964,Q837171,INDUSTRY,Industry
Q7974594,Q11023,INDUSTRY,Industry
Q4801022,Q1415356,INDUSTRY,Industry
Q2030718,Q941594,INDUSTRY,Industry
Q17156801,Q39809,INDUSTRY,Industry
Q5415901,Q17018236,INDUSTRY,Industry
Q28402417,Q126793,INDUSTRY,Industry
Q1688976,Q3477363,INDUSTRY,Industry
Q26939075,Q11661,INDUSTRY,Industry
Q26939075, Q7590,INDUSTRY,Industry
Q6204064,Q11828862,INDUSTRY,Industry
Q112968797,Q941594,INDUSTRY,Industry
Q5171808,Q4899370,INDUSTRY,Industry
Q21480323,Q15982450,INDUSTRY,Industry
Q1049970,Q862571,INDUSTRY,Industry
Q488048,Q23700345,INDUSTRY,Industry
Q488048, Q23699878,INDUSTRY,Industry
Q488048, Q23671509,INDUSTRY,Industry
Q488048, Q268626,INDUSTRY,Industry
Q488048, Q181487,INDUSTRY,Industry
Q106869094,Q941594,INDUSTRY,Industry
Q5315020,Q126793,INDUSTRY,Industry
Q17150533,Q173799,INDUSTRY,Industry
Q7436133,Q173799,INDUSTRY,Industry
Q7235675,Q126793,INDUSTRY,Industry
Q59537085,Q15067276,INDUSTRY,Industry
Q7164557,Q4899370,INDUSTRY,Industry
Q502509,Q63383285,INDUSTRY,Industry
Q39064,Q880371,INDUSTRY,Industry
Q6122893,Q190117,INDUSTRY,Industry
Q21189883,Q2089936,INDUSTRY,Industry
Q21189883, Q285759,INDUSTRY,Industry
Q21189883, Q189447,INDUSTRY,Industry
Q2118336,Q256020,INDUSTRY,Industry
Q27928770,Q2306047,INDUSTRY,Industry
Q3866987,Q12684,INDUSTRY,Industry
Q4664352,Q932586,INDUSTRY,Industry
Q7654224,Q126793,INDUSTRY,Industry
Q89575318,Q56397239,INDUSTRY,Industry
Q89575318, Q2151621,INDUSTRY,Industry
Q674575,Q540912,INDUSTRY,Industry
Q6524851,Q171141,INDUSTRY,Industry
Q25111797,Q1495452,INDUSTRY,Industry
Q23818238,Q7397,INDUSTRY,Industry
Q5280285,Q43183,INDUSTRY,Industry
Q107410878,Q11828862,INDUSTRY,Industry
Q1893576,Q126793,INDUSTRY,Industry
Q11148,Q11030,INDUSTRY,Industry
Q25351738,Q11828862,INDUSTRY,Industry
Q25351738, Q126793,INDUSTRY,Industry
Q106938039,Q941594,INDUSTRY,Industry
Q238132,Q941594,INDUSTRY,Industry
Q289704,Q837171,INDUSTRY,Industry
Q16992195,Q941594,INDUSTRY,Industry
Q5909605,Q941594,INDUSTRY,Industry
Q183399,Q11030,INDUSTRY,Industry
Q1671741,Q837171,INDUSTRY,Industry
Q1140383,Q190117,INDUSTRY,Industry
Q7295525,Q837171,INDUSTRY,Industry
Q1548712,Q126793,INDUSTRY,Industry
Q105384080,Q1247867,INDUSTRY,Industry
Q847869,Q880371,INDUSTRY,Industry
Q5000795,Q29585599,INDUSTRY,Industry
Q5000795, Q126793,INDUSTRY,Industry
Q16989248,Q15067276,INDUSTRY,Industry
Q6888437,Q126793,INDUSTRY,Industry
Q1440267,Q200764,INDUSTRY,Industry
Q1889791,Q941594,INDUSTRY,Industry
Q87449626,Q638608,INDUSTRY,Industry
Q110478780,Q16148831,INDUSTRY,Industry
Q7054285,Q15067276,INDUSTRY,Industry
Q17984545,Q15067276,INDUSTRY,Industry
Q13529041,Q1285245,INDUSTRY,Industry
Q4904749,Q180388,INDUSTRY,Industry
Q18354334,Q625568,INDUSTRY,Industry
Q5045782,Q126793,INDUSTRY,Industry
Q5770739,Q837171,INDUSTRY,Industry
Q86756254,Q869095,INDUSTRY,Industry
Q109532839,Q941594,INDUSTRY,Industry
Q19873165,Q941594,INDUSTRY,Industry
Q1548159,Q941594,INDUSTRY,Industry
Q2408951,Q474883,INDUSTRY,Industry
Q7848014,Q56598901,INDUSTRY,Industry
Q7848014, Q25245117,INDUSTRY,Industry
Q217623,Q11030,INDUSTRY,Industry
Q15255982,Q869095,INDUSTRY,Industry
Q7017222,Q22687,INDUSTRY,Industry
Q16960866,Q15067276,INDUSTRY,Industry
Q1152847,Q1416657,INDUSTRY,Industry
Q1152847, Q837171,INDUSTRY,Industry
Q1152847, Q806718,INDUSTRY,Industry
Q99196869,Q187939,INDUSTRY,Industry
Q3354444,Q28403107,INDUSTRY,Industry
Q6824933,Q3972943,INDUSTRY,Industry
Q1475656,Q126793,INDUSTRY,Industry
Q30265289,Q15067276,INDUSTRY,Industry
Q6094914,Q2898326,INDUSTRY,Industry
Q5329759,Q29586127,INDUSTRY,Industry
Q5329759, Q540912,INDUSTRY,Industry
Q5329759, Q126793,INDUSTRY,Industry
Q6773982,Q869095,INDUSTRY,Industry
Q5466625,Q126793,INDUSTRY,Industry
Q114567232,Q844861,INDUSTRY,Industry
Q325156,Q2518196,INDUSTRY,Industry
Q21061842,Q15067276,INDUSTRY,Industry
Q3778585,Q1087786,INDUSTRY,Industry
Q7244520,Q15067276,INDUSTRY,Industry
Q106323066,Q941594,INDUSTRY,Industry
Q7832666,Q126793,INDUSTRY,Industry
Q64577158,Q16148831,INDUSTRY,Industry
Q64577158, Q1660132,INDUSTRY,Industry
Q61930740,Q3972943,INDUSTRY,Industry
Q1931458,Q638608,INDUSTRY,Industry
Q1931458, Q11661,INDUSTRY,Industry
Q8055678,Q29584334,INDUSTRY,Industry
Q8055678, Q1416657,INDUSTRY,Industry
Q8055678, Q806718,INDUSTRY,Industry
Q16902799,Q126793,INDUSTRY,Industry
Q17022713,Q15067276,INDUSTRY,Industry
Q2237796,Q746359,INDUSTRY,Industry
Q3408814,Q126793,INDUSTRY,Industry
Q1628518,Q868404,INDUSTRY,Industry
Q7933952,Q49389,INDUSTRY,Industry
Q105102486,Q941594,INDUSTRY,Industry
Q22906381,Q15067276,INDUSTRY,Industry
Q99611558,Q187939,INDUSTRY,Industry
Q7842351,Q869095,INDUSTRY,Industry
Q4688977,Q474883,INDUSTRY,Industry
Q22907349,Q15067276,INDUSTRY,Industry
Q8074201,Q1660132,INDUSTRY,Industry
Q180419,Q1331793,INDUSTRY,Industry
Q7598824,Q126793,INDUSTRY,Industry
Q8002536,Q126793,INDUSTRY,Industry
Q99938913,Q126793,INDUSTRY,Industry
Q5656550,Q12684,INDUSTRY,Industry
Q97621445,Q484847,INDUSTRY,Industry
Q7987043,Q178512,INDUSTRY,Industry
Q7096543,Q418,INDUSTRY,Industry
Q4890299,Q126793,INDUSTRY,Industry
Q15070334,Q941594,INDUSTRY,Industry
Q55098947,Q3081320,INDUSTRY,Industry
Q1783168,Q49845,INDUSTRY,Industry
Q24908166,Q126793,INDUSTRY,Industry
Q17062715,Q15067276,INDUSTRY,Industry
Q16989244,Q3972943,INDUSTRY,Industry
Q113471802,Q126793,INDUSTRY,Industry
Q43851666,Q10494269,INDUSTRY,Industry
Q4784962,Q57774188,INDUSTRY,Industry
Q1738151,Q466707,INDUSTRY,Industry
Q5446786,Q837171,INDUSTRY,Industry
Q5588477,Q10578348,INDUSTRY,Industry
Q1105202,Q31207,INDUSTRY,Industry
Q7059853,Q474883,INDUSTRY,Industry
Q60673950,Q837171,INDUSTRY,Industry
Q5602560,Q337810,INDUSTRY,Industry
Q50132485,Q126793,INDUSTRY,Industry
Q116232,Q190117,INDUSTRY,Industry
Q958101,Q941594,INDUSTRY,Industry
Q6123139,Q29585524,INDUSTRY,Industry
Q6123139, Q507443,INDUSTRY,Industry
Q6123139, Q220695,INDUSTRY,Industry
Q7796317,Q869095,INDUSTRY,Industry
Q2033167,Q11033,INDUSTRY,Industry
Q85744869,Q289,INDUSTRY,Industry
Q1023871,Q837171,INDUSTRY,Industry
Q57082807,Q941594,INDUSTRY,Industry
Q41786020,Q1955150,INDUSTRY,Industry
Q1664118,Q4899370,INDUSTRY,Industry
Q20711874,Q11828862,INDUSTRY,Industry
Q13512339,Q941594,INDUSTRY,Industry
Q2685641,Q638,INDUSTRY,Industry
Q7568898,Q474883,INDUSTRY,Industry
Q5113390,Q157798,INDUSTRY,Industry
Q7490280,Q869095,INDUSTRY,Industry
Q7622046,Q178512,INDUSTRY,Industry
Q7884777,Q540912,INDUSTRY,Industry
Q7884777, Q126793,INDUSTRY,Industry
Q7520987,Q2518196,INDUSTRY,Industry
Q1130409,Q187939,INDUSTRY,Industry
Q1130409, Q126793,INDUSTRY,Industry
Q108300216,Q3972943,INDUSTRY,Industry
Q67013382,Q190117,INDUSTRY,Industry
Q16967369,Q15067276,INDUSTRY,Industry
Q18712346,Q941594,INDUSTRY,Industry
Q16989990,Q15067276,INDUSTRY,Industry
Q7866331,Q126793,INDUSTRY,Industry
Q105161596,Q941594,INDUSTRY,Industry
Q5333901,Q2151621,INDUSTRY,Industry
Q108915665,Q941594,INDUSTRY,Industry
Q16975898,Q15067276,INDUSTRY,Industry
Q16834657,Q126793,INDUSTRY,Industry
Q16999069,Q126793,INDUSTRY,Industry
Q15733006,Q11660,INDUSTRY,Industry
Q45844955,Q126793,INDUSTRY,Industry
Q5533836,Q7108,INDUSTRY,Industry
Q100934149,Q1056396,INDUSTRY,Industry
Q56037094,Q11661,INDUSTRY,Industry
Q1181484,Q126793,INDUSTRY,Industry
Q108565133,Q2151621,INDUSTRY,Industry
Q100297552,Q126793,INDUSTRY,Industry
Q60749677,Q128093,INDUSTRY,Industry
Q60749677, Q8434,INDUSTRY,Industry
Q21015709,Q1341477,INDUSTRY,Industry
Q7439115,Q13405640,INDUSTRY,Industry
Q7439115, Q126793,INDUSTRY,Industry
Q56760280,Q664702,INDUSTRY,Industry
Q1906017,Q932586,INDUSTRY,Industry
Q56600307,Q202883,INDUSTRY,Industry
Q16953878,Q837171,INDUSTRY,Industry
Q3269443,Q12684,INDUSTRY,Industry
Q15839366,Q3477363,INDUSTRY,Industry
Q15839366, Q765633,INDUSTRY,Industry
Q2928594,Q385378,INDUSTRY,Industry
Q3520318,Q837171,INDUSTRY,Industry
Q4849219,Q4116214,INDUSTRY,Industry
Q57415937,Q1341477,INDUSTRY,Industry
Q18636348,Q880371,INDUSTRY,Industry
Q1510450,Q77590,INDUSTRY,Industry
Q3541981,Q14941854,INDUSTRY,Industry
Q6108019,Q126793,INDUSTRY,Industry
Q62604390,Q941594,INDUSTRY,Industry
Q5174993,Q77590,INDUSTRY,Industry
Q6556889,Q11023,INDUSTRY,Industry
Q1476377,Q2151621,INDUSTRY,Industry
Q1476377, Q1807108,INDUSTRY,Industry
Q104377097,Q941594,INDUSTRY,Industry
Q1095857,Q126793,INDUSTRY,Industry
Q7246300,Q837171,INDUSTRY,Industry
Q14956770,Q15067276,INDUSTRY,Industry
Q18357698,Q837171,INDUSTRY,Industry
Q20876097,Q1323528,INDUSTRY,Industry
Q107861131,Q12684,INDUSTRY,Industry
Q5588445,Q11707,INDUSTRY,Industry
Q2811992,Q11707,INDUSTRY,Industry
Q579524,Q126793,INDUSTRY,Industry
Q100299126,Q126793,INDUSTRY,Industry
Q99732313,Q1494322,INDUSTRY,Industry
Q804920,Q385378,INDUSTRY,Industry
Q65079443,Q2301114,INDUSTRY,Industry
Q112116303,Q3063793,INDUSTRY,Industry
Q112116303, Q187939,INDUSTRY,Industry
Q10458056,Q1660132,INDUSTRY,Industry
Q846735,Q1416657,INDUSTRY,Industry
Q846735, Q837171,INDUSTRY,Industry
Q846735, Q806718,INDUSTRY,Industry
Q104519117,Q941594,INDUSTRY,Industry
Q1322045,Q1116826,INDUSTRY,Industry
Q324029,Q63348704,INDUSTRY,Industry
Q54303510,Q941594,INDUSTRY,Industry
Q2071252,Q187939,INDUSTRY,Industry
Q4810825,Q507443,INDUSTRY,Industry
Q97924395,Q187791,INDUSTRY,Industry
Q7432952,Q126793,INDUSTRY,Industry
Q5223427,Q869095,INDUSTRY,Industry
Q161140,Q4899370,INDUSTRY,Industry
Q29344371,Q190117,INDUSTRY,Industry
Q50809770,Q190117,INDUSTRY,Industry
Q4883362,Q11707,INDUSTRY,Industry
Q84079026,Q190117,INDUSTRY,Industry
Q21592240,Q25245117,INDUSTRY,Industry
Q17040140,Q15067276,INDUSTRY,Industry
Q7326811,Q242468,INDUSTRY,Industry
Q1199764,Q25245117,INDUSTRY,Industry
Q16985637,Q131734,INDUSTRY,Industry
Q4053147,Q11416,INDUSTRY,Industry
Q7118727,Q126793,INDUSTRY,Industry
Q7304184,Q11661,INDUSTRY,Industry
Q7157762,Q12684,INDUSTRY,Industry
Q58483189,Q184485,INDUSTRY,Industry
Q301092,Q11425,INDUSTRY,Industry
Q107148047,Q1254596,INDUSTRY,Industry
Q5134299,Q126793,INDUSTRY,Industry
Q110247043,Q941594,INDUSTRY,Industry
Q55177088,Q4899370,INDUSTRY,Industry
Q5050272,Q4899370,INDUSTRY,Industry
Q1785352,Q29586079,INDUSTRY,Industry
Q1785352, Q2518196,INDUSTRY,Industry
Q1785352, Q1340098,INDUSTRY,Industry
Q1785352, Q1063076,INDUSTRY,Industry
Q1785352, Q516739,INDUSTRY,Industry
Q1785352, Q337810,INDUSTRY,Industry
Q28404576,Q540912,INDUSTRY,Industry
Q771734,Q540912,INDUSTRY,Industry
Q771734, Q126793,INDUSTRY,Industry
Q80702304,Q15067276,INDUSTRY,Industry
Q707602,Q5889160,INDUSTRY,Industry
Q707602, Q811530,INDUSTRY,Industry
Q1542317,Q1957908,INDUSTRY,Industry
Q487494,Q507619,INDUSTRY,Industry
Q6979055,Q190117,INDUSTRY,Industry
Q21041507,Q7860960,INDUSTRY,Industry
Q5559841,Q126793,INDUSTRY,Industry
Q5452145,Q1951366,INDUSTRY,Industry
Q2855977,Q11828862,INDUSTRY,Industry
Q2855977, Q8148,INDUSTRY,Industry
Q1026582,Q7590,INDUSTRY,Industry
Q8072944,Q171141,INDUSTRY,Industry
Q211237,Q1540863,INDUSTRY,Industry
Q211237, Q1481411,INDUSTRY,Industry
Q211237, Q11661,INDUSTRY,Industry
Q168241,Q190117,INDUSTRY,Industry
Q30324333,Q862571,INDUSTRY,Industry
Q110637274,Q941594,INDUSTRY,Industry
Q7284120,Q941594,INDUSTRY,Industry
Q5467372,Q243697,INDUSTRY,Industry
Q61515805,Q932586,INDUSTRY,Industry
Q61515805, Q11633,INDUSTRY,Industry
Q4808782,Q1076968,INDUSTRY,Industry
Q18589166,Q1483757,INDUSTRY,Industry
Q4035093,Q1415395,INDUSTRY,Industry
Q5475480,Q15067276,INDUSTRY,Industry
Q6653170,Q425779,INDUSTRY,Industry
Q7996831,Q126793,INDUSTRY,Industry
Q3246464,Q126793,INDUSTRY,Industry
Q3246464, Q8148,INDUSTRY,Industry
Q56849899,Q941594,INDUSTRY,Industry
Q2740021,Q1416657,INDUSTRY,Industry
Q2740021, Q837171,INDUSTRY,Industry
Q2740021, Q806718,INDUSTRY,Industry
Q17020712,Q177777,INDUSTRY,Industry
Q59209009,Q786803,INDUSTRY,Industry
Q56706731,Q778575,INDUSTRY,Industry
Q952937,Q29585706,INDUSTRY,Industry
Q952937, Q475000,INDUSTRY,Industry
Q3051064,Q187939,INDUSTRY,Industry
Q111677447,Q11644505,INDUSTRY,Industry
Q108396122,Q3972943,INDUSTRY,Industry
Q4689707,Q1071389,INDUSTRY,Industry
Q21006828,Q126793,INDUSTRY,Industry
Q297410,Q126793,INDUSTRY,Industry
Q1054692,Q540912,INDUSTRY,Industry
Q409271,Q844861,INDUSTRY,Industry
Q6899324,Q484847,INDUSTRY,Industry
Q16996252,Q15067276,INDUSTRY,Industry
Q1136426,Q11828862,INDUSTRY,Industry
Q7205652,Q75,INDUSTRY,Industry
Q4848560,Q837171,INDUSTRY,Industry
Q27074,Q190117,INDUSTRY,Industry
Q3310164,Q29584334,INDUSTRY,Industry
Q3310164, Q1416657,INDUSTRY,Industry
Q3310164, Q837171,INDUSTRY,Industry
Q3310164, Q806718,INDUSTRY,Industry
Q16995620,Q15067276,INDUSTRY,Industry
Q16988330,Q941594,INDUSTRY,Industry
Q3045727,Q2151621,INDUSTRY,Industry
Q106537558,Q220695,INDUSTRY,Industry
Q106537558, Q126793,INDUSTRY,Industry
Q111417174,Q941594,INDUSTRY,Industry
Q5175738,Q126793,INDUSTRY,Industry
Q17264483,Q507443,INDUSTRY,Industry
Q54877457,Q941594,INDUSTRY,Industry
Q4969074,Q1061108,INDUSTRY,Industry
Q4969074, Q474883,INDUSTRY,Industry
Q52164641,Q941594,INDUSTRY,Industry
Q2522363,Q3972943,INDUSTRY,Industry
Q4779426,Q27686,INDUSTRY,Industry
Q109860161,Q941594,INDUSTRY,Industry
Q18355951,Q385378,INDUSTRY,Industry
Q18355951, Q77590,INDUSTRY,Industry
Q17003652,Q941594,INDUSTRY,Industry
Q1939341,Q16319025,INDUSTRY,Industry
Q1939341, Q880371,INDUSTRY,Industry
Q3514518,Q25245117,INDUSTRY,Industry
Q16257838,Q7590,INDUSTRY,Industry
Q3496440,Q507443,INDUSTRY,Industry
Q7705696,Q880371,INDUSTRY,Industry
Q110216831,Q7171582,INDUSTRY,Industry
Q110216831, Q651658,INDUSTRY,Industry
Q2524499,Q806718,INDUSTRY,Industry
Q6348146,Q880371,INDUSTRY,Industry
Q112055045,Q29585658,INDUSTRY,Industry
Q86439515,Q861455,INDUSTRY,Industry
Q7569543,Q15067276,INDUSTRY,Industry
Q4906222,Q941594,INDUSTRY,Industry
Q5753373,Q11650,INDUSTRY,Industry
Q45321140,Q941594,INDUSTRY,Industry
Q15710123,Q11828862,INDUSTRY,Industry
Q14463124,Q837171,INDUSTRY,Industry
Q5564162,Q107601756,INDUSTRY,Industry
Q17026595,Q126793,INDUSTRY,Industry
Q7394933,Q63348704,INDUSTRY,Industry
Q7394933, Q1056396,INDUSTRY,Industry
Q5602510,Q2151621,INDUSTRY,Industry
Q108577162,Q3972943,INDUSTRY,Industry
Q15732971,Q57285129,INDUSTRY,Industry
Q4131576,Q941594,INDUSTRY,Industry
Q5509685,Q126793,INDUSTRY,Industry
Q93856,Q187916,INDUSTRY,Industry
Q154950,Q56604526,INDUSTRY,Industry
Q154950, Q12089268,INDUSTRY,Industry
Q154950, Q862571,INDUSTRY,Industry
Q50374717,Q161439,INDUSTRY,Industry
Q109805291,Q1056396,INDUSTRY,Industry
Q6877374,Q126793,INDUSTRY,Industry
Q5757490,Q12684,INDUSTRY,Industry
Q22080492,Q6533840,INDUSTRY,Industry
Q16953710,Q4382888,INDUSTRY,Industry
Q5297602,Q1495452,INDUSTRY,Industry
Q5297602, Q49389,INDUSTRY,Industry
Q283790,Q1875606,INDUSTRY,Industry
Q130744,Q941594,INDUSTRY,Industry
Q6450054,Q941594,INDUSTRY,Industry
Q16983721,Q15067276,INDUSTRY,Industry
Q503715,Q11707,INDUSTRY,Industry
Q5443598,Q869095,INDUSTRY,Industry
Q23891278,Q81799,INDUSTRY,Industry
Q22908307,Q837171,INDUSTRY,Industry
Q1428719,Q3477363,INDUSTRY,Industry
Q765389,Q1187283,INDUSTRY,Industry
Q765389, Q941594,INDUSTRY,Industry
Q1725456,Q941594,INDUSTRY,Industry
Q16250947,Q837171,INDUSTRY,Industry
Q7395167,Q2316331,INDUSTRY,Industry
Q4976630,Q11828862,INDUSTRY,Industry
Q493854,Q1304795,INDUSTRY,Industry
Q7313261,Q11023,INDUSTRY,Industry
Q4047302,Q941594,INDUSTRY,Industry
Q24039799,Q877159,INDUSTRY,Industry
Q130879,Q25245117,INDUSTRY,Industry
Q5476491,Q2836940,INDUSTRY,Industry
Q111729690,Q941594,INDUSTRY,Industry
Q28405615,Q190117,INDUSTRY,Industry
Q92559593,Q126793,INDUSTRY,Industry
Q9367445,Q484847,INDUSTRY,Industry
Q9367445, Q126793,INDUSTRY,Industry
Q48699762,Q11707,INDUSTRY,Industry
Q61727605,Q19047227,INDUSTRY,Industry
Q61727605, Q2356594,INDUSTRY,Industry
Q61727605, Q484847,INDUSTRY,Industry
Q2295406,Q107598010,INDUSTRY,Industry
Q2295406, Q107597958,INDUSTRY,Industry
Q2295406, Q3477363,INDUSTRY,Industry
Q6953815,Q2518196,INDUSTRY,Industry
Q7741165,Q126793,INDUSTRY,Industry
Q4947547,Q941594,INDUSTRY,Industry
Q6912573,Q126793,INDUSTRY,Industry
Q52136141,Q941594,INDUSTRY,Industry
Q1193145,Q941594,INDUSTRY,Industry
Q7982011,Q1951366,INDUSTRY,Industry
Q6953368,Q941594,INDUSTRY,Industry
Q19903669,Q837171,INDUSTRY,Industry
Q182399,Q11828862,INDUSTRY,Industry
Q182399, Q126793,INDUSTRY,Industry
Q541451,Q44497,INDUSTRY,Industry
Q7374416,Q837171,INDUSTRY,Industry
Q1684445,Q126793,INDUSTRY,Industry
Q21178588,Q126793,INDUSTRY,Industry
Q506160,Q1660132,INDUSTRY,Industry
Q16927788,Q97486561,INDUSTRY,Industry
Q16992671,Q15067276,INDUSTRY,Industry
Q49772307,Q7246183,INDUSTRY,Industry
Q49772307, Q7246105,INDUSTRY,Industry
Q49772307, Q765633,INDUSTRY,Industry
Q1781081,Q837171,INDUSTRY,Industry
Q18391914,Q126793,INDUSTRY,Industry
Q1534597,Q1071389,INDUSTRY,Industry
Q7807560,Q131734,INDUSTRY,Industry
Q65091280,Q31207,INDUSTRY,Industry
Q110572331,Q941594,INDUSTRY,Industry
Q1278337,Q4956578,INDUSTRY,Industry
Q5213855,Q12684,INDUSTRY,Industry
Q7767106,Q86478515,INDUSTRY,Industry
Q4956054,Q869095,INDUSTRY,Industry
Q50413661,Q187939,INDUSTRY,Industry
Q16997207,Q15067276,INDUSTRY,Industry
Q4971114,Q107601756,INDUSTRY,Industry
Q4971114, Q29585018,INDUSTRY,Industry
Q19515735,Q49389,INDUSTRY,Industry
Q29715620,Q4899370,INDUSTRY,Industry
Q471958,Q837171,INDUSTRY,Industry
Q471958, Q43183,INDUSTRY,Industry
Q3087263,Q941594,INDUSTRY,Industry
Q5570585,Q15078788,INDUSTRY,Industry
Q108909041,Q11661,INDUSTRY,Industry
Q642707,Q941594,INDUSTRY,Industry
Q5646350,Q1660132,INDUSTRY,Industry
Q12061509,Q126793,INDUSTRY,Industry
Q7714669,Q11707,INDUSTRY,Industry
Q7063709,Q15067276,INDUSTRY,Industry
Q7553556,Q126793,INDUSTRY,Industry
Q7592564,Q869095,INDUSTRY,Industry
Q81066918,Q10494269,INDUSTRY,Industry
Q23461796,Q540912,INDUSTRY,Industry
Q782697,Q778575,INDUSTRY,Industry
Q86534930,Q778575,INDUSTRY,Industry
Q42851511,Q941594,INDUSTRY,Industry
Q107014436,Q25245117,INDUSTRY,Industry
Q106301190,Q220695,INDUSTRY,Industry
Q167016,Q190117,INDUSTRY,Industry
Q39056416,Q418,INDUSTRY,Industry
Q5204927,Q126793,INDUSTRY,Industry
Q65043997,Q39809,INDUSTRY,Industry
Q108495672,Q4899370,INDUSTRY,Industry
Q23646439,Q1495452,INDUSTRY,Industry
Q21684394,Q837171,INDUSTRY,Industry
Q721810,Q126793,INDUSTRY,Industry
Q92546748,Q126793,INDUSTRY,Industry
Q4825974,Q37260,INDUSTRY,Industry
Q1329485,Q4899370,INDUSTRY,Industry
Q114244613,Q133080,INDUSTRY,Industry
Q114244613, Q846132,INDUSTRY,Industry
Q114244613, Q189507,INDUSTRY,Industry
Q114244613, Q180711,INDUSTRY,Industry
Q30292805,Q15067276,INDUSTRY,Industry
Q931628,Q31207,INDUSTRY,Industry
Q5096233,Q81799,INDUSTRY,Industry
Q57783681,Q4373046,INDUSTRY,Industry
Q6711808,Q126793,INDUSTRY,Industry
Q5326080,Q22687,INDUSTRY,Industry
Q100268798,Q941594,INDUSTRY,Industry
Q68442095,Q2729047,INDUSTRY,Industry
Q70250954,Q9323634,INDUSTRY,Industry
Q114852232,Q941594,INDUSTRY,Industry
Q739416,Q3798668,INDUSTRY,Industry
Q739416, Q3477363,INDUSTRY,Industry
Q739416, Q392933,INDUSTRY,Industry
Q739416, Q189900,INDUSTRY,Industry
Q1470929,Q913709,INDUSTRY,Industry
Q1470929, Q49958,INDUSTRY,Industry
Q7115234,Q130286,INDUSTRY,Industry
Q1668090,Q11024,INDUSTRY,Industry
Q7822843,Q11707,INDUSTRY,Industry
Q7437637,Q1416657,INDUSTRY,Industry
Q85812515,Q941594,INDUSTRY,Industry
Q85812515, Q638608,INDUSTRY,Industry
Q7335015,Q869095,INDUSTRY,Industry
Q80229,Q171141,INDUSTRY,Industry
Q829558,Q2151621,INDUSTRY,Industry
Q64767453,Q1548025,INDUSTRY,Industry
Q81310726,Q3510521,INDUSTRY,Industry
Q19420979,Q1494322,INDUSTRY,Industry
Q99938329,Q126793,INDUSTRY,Industry
Q29159298,Q7889,INDUSTRY,Industry
Q2357706,Q25245117,INDUSTRY,Industry
Q1105124,Q11033,INDUSTRY,Industry
Q7413153,Q2095,INDUSTRY,Industry
Q3023123,Q941594,INDUSTRY,Industry
Q6944890,Q39809,INDUSTRY,Industry
Q17033893,Q15067276,INDUSTRY,Industry
Q29995941,Q3231404,INDUSTRY,Industry
Q94737313,Q30232,INDUSTRY,Industry
Q1166056,Q178512,INDUSTRY,Industry
Q7596650,Q22687,INDUSTRY,Industry
Q7218427,Q8317,INDUSTRY,Industry
Q52152915,Q941594,INDUSTRY,Industry
Q32904821,Q941594,INDUSTRY,Industry
Q113677138,Q941594,INDUSTRY,Industry
Q7051138,Q15067276,INDUSTRY,Industry
Q113621108,Q11661,INDUSTRY,Industry
Q29870161,Q869095,INDUSTRY,Industry
Q42306824,Q3966,INDUSTRY,Industry
Q7333375,Q12684,INDUSTRY,Industry
Q6819767,Q173799,INDUSTRY,Industry
Q2123676,Q627371,INDUSTRY,Industry
Q21006848,Q746359,INDUSTRY,Industry
Q95917033,Q134808,INDUSTRY,Industry
Q95917033, Q7108,INDUSTRY,Industry
Q7075640,Q212930,INDUSTRY,Industry
Q4666881,Q11707,INDUSTRY,Industry
Q8057802,Q1495452,INDUSTRY,Industry
Q16994752,Q3972943,INDUSTRY,Industry
Q4764749,Q11460,INDUSTRY,Industry
Q7073885,Q4899370,INDUSTRY,Industry
Q5616590,Q2588161,INDUSTRY,Industry
Q109435482,Q941594,INDUSTRY,Industry
Q16937150,Q15067276,INDUSTRY,Industry
Q4763422,Q474883,INDUSTRY,Industry
Q19597771,Q15067276,INDUSTRY,Industry
Q50008,Q11030,INDUSTRY,Industry
Q7719162,Q998426,INDUSTRY,Industry
Q7719162, Q212930,INDUSTRY,Industry
Q2905595,Q211554,INDUSTRY,Industry
Q1090880,Q126793,INDUSTRY,Industry
Q730587,Q29584313,INDUSTRY,Industry
Q730587, Q49389,INDUSTRY,Industry
Q17017872,Q3972943,INDUSTRY,Industry
Q547924,Q651658,INDUSTRY,Industry
Q16855513,Q2306047,INDUSTRY,Industry
Q16855513, Q7108,INDUSTRY,Industry
Q109038110,Q2085381,INDUSTRY,Industry
Q2647558,Q11396960,INDUSTRY,Industry
Q17036182,Q11661,INDUSTRY,Industry
Q714491,Q126793,INDUSTRY,Industry
Q5519813,Q126793,INDUSTRY,Industry
Q61707579,Q202833,INDUSTRY,Industry
Q17020120,Q15067276,INDUSTRY,Industry
Q79424133,Q126793,INDUSTRY,Industry
Q54817659,Q11828862,INDUSTRY,Industry
Q54817659, Q126793,INDUSTRY,Industry
Q7046090,Q3972943,INDUSTRY,Industry
Q1123947,Q638,INDUSTRY,Industry
Q50378456,Q913709,INDUSTRY,Industry
Q50378456, Q268733,INDUSTRY,Industry
Q110475904,Q684740,INDUSTRY,Industry
Q48818046,Q941594,INDUSTRY,Industry
Q5322942,Q56598901,INDUSTRY,Industry
Q5322942, Q25245117,INDUSTRY,Industry
Q260230,Q607081,INDUSTRY,Industry
Q5677754,Q126793,INDUSTRY,Industry
Q17019665,Q507443,INDUSTRY,Industry
Q5928422,Q126793,INDUSTRY,Industry
Q8766,Q22003790,CEO,Person
Q6677525,Q449120,CEO,Person
Q491748,Q26251177,CEO,Person
Q246655,Q80356796,CEO,Person
Q246655, Q2287912,CEO,Person
Q138133,Q15842921,CEO,Person
Q138133, Q2078625,CEO,Person
Q138133, Q108936810,CEO,Person
Q25936435,Q26132792,CEO,Person
Q1435702,Q19664427,CEO,Person
Q1435702, Q19975651,CEO,Person
Q1435702, Q4760775,CEO,Person
Q779252,Q97000633,CEO,Person
Q1374135,Q3528191,CEO,Person
Q1374135, Q20687564,CEO,Person
Q591090,Q27909751,CEO,Person
Q26389854,Q52600497,CEO,Person
Q1190881,Q64745663,CEO,Person
Q1190881, Q7024365,CEO,Person
Q998470,Q5388565,CEO,Person
Q6315697,Q60146021,CEO,Person
Q6315697, Q27734859,CEO,Person
Q1364617,Q114303863,CEO,Person
Q3127437,Q50365528,CEO,Person
Q7570621,Q112683523,CEO,Person
Q489097,Q14538344,CEO,Person
Q489097, Q61951487,CEO,Person
Q1471161,Q31096442,CEO,Person
Q1471161, Q4727049,CEO,Person
Q585150,Q80968324,CEO,Person
Q585150, Q42327588,CEO,Person
Q1044059,Q16148720,CEO,Person
Q390107,Q25999483,CEO,Person
Q390107, Q1086512,CEO,Person
Q302251,Q1173809,CEO,Person
Q502470,Q105616823,CEO,Person
Q821293,Q23416859,CEO,Person
Q821293, Q104249075,CEO,Person
Q821293, Q7408292,CEO,Person
Q821293, Q7814755,CEO,Person
Q8055763,Q87575276,CEO,Person
Q8055763, Q87567898,CEO,Person
Q683098,Q33105565,CEO,Person
Q157062,Q2061703,CEO,Person
Q157062, Q59306324,CEO,Person
Q157062, Q3369320,CEO,Person
Q936287,Q23664193,CEO,Person
Q152057,Q69703422,CEO,Person
Q152057, Q421864,CEO,Person
Q5890431,Q7326277,CEO,Person
Q22000919,Q28528695,CEO,Person
Q278810,Q105713466,CEO,Person
Q278810, Q87607893,CEO,Person
Q1550912,Q26637897,CEO,Person
Q1550912, Q26638506,CEO,Person
Q1142797,Q23970591,CEO,Person
Q1142797, Q6829879,CEO,Person
Q7232504,Q112683582,CEO,Person
Q791179,Q97010729,CEO,Person
Q3003175,Q7612566,CEO,Person
Q111589557,Q111589847,CEO,Person
Q4836931,Q2856696,CEO,Person
Q245343,Q6185687,CEO,Person
Q259013,Q5980411,CEO,Person
Q259013, Q87807134,CEO,Person
Q731938,Q7141722,CEO,Person
Q1501071,Q87348025,CEO,Person
Q919646,Q7609478,CEO,Person
Q919646, Q5106728,CEO,Person
Q229764,Q33112061,CEO,Person
Q1198156,Q16994523,CEO,Person
Q14950045,Q104521383,CEO,Person
Q15139453,Q76340270,CEO,Person
Q122141,Q47524652,CEO,Person
Q42891549,Q42891201,CEO,Person
Q107978566,Q108075794,CEO,Person
Q27907429,Q91621552,CEO,Person
Q6823260,Q21030045,CEO,Person
Q6823260, Q21030040,CEO,Person
Q6823260, Q21030041,CEO,Person
Q6823260, Q21030051,CEO,Person
Q65518082,Q5331614,CEO,Person
Q746365,Q82568880,CEO,Person
Q593786,Q35243613,CEO,Person
Q593786, Q1082789,CEO,Person
Q593786, Q15990217,CEO,Person
Q680946,Q2344609,CEO,Person
Q4045977,Q21000834,CEO,Person
Q160126,Q16189392,CEO,Person
Q1465461,Q22007406,CEO,Person
Q2913458,Q3420527,CEO,Person
Q856411,Q62746598,CEO,Person
Q19840922,Q19282035,CEO,Person
Q190464,Q1666888,CEO,Person
Q190464, Q42887509,CEO,Person
Q190464, Q66477676,CEO,Person
Q190464, Q335910,CEO,Person
Q190464, Q8017137,CEO,Person
Q190464, Q26251175,CEO,Person
Q190464, Q3181095,CEO,Person
Q190464, Q6830574,CEO,Person
Q7984154,Q87594561,CEO,Person
Q28455515,Q7173699,CEO,Person
Q926943,Q25850434,CEO,Person
Q110339215,Q41670353,CEO,Person
Q1318049,Q1395663,CEO,Person
Q1318049, Q80978371,CEO,Person
Q7186887,Q47012847,CEO,Person
Q212322,Q3169317,CEO,Person
Q212322, Q18121649,CEO,Person
Q212322, Q27058352,CEO,Person
Q548278,Q19663112,CEO,Person
Q922344,Q19665544,CEO,Person
Q4835978,Q22443550,CEO,Person
Q2742196,Q4831456,CEO,Person
Q2108626,Q19975651,CEO,Person
Q827927,Q7285954,CEO,Person
Q152096,Q83410804,CEO,Person
Q152096, Q16193529,CEO,Person
Q1470848,Q7032718,CEO,Person
Q5573225,Q55609145,CEO,Person
Q50039646,Q63346355,CEO,Person
Q905049,Q70209140,CEO,Person
Q905049, Q16733839,CEO,Person
Q905049, Q51079032,CEO,Person
Q905049, Q4764240,CEO,Person
Q5973741,Q55759506,CEO,Person
Q5413836,Q105811180,CEO,Person
Q5413836, Q114245560,CEO,Person
Q108908102,Q60319741,CEO,Person
Q638098,Q4678914,CEO,Person
Q638098, Q105081948,CEO,Person
Q638098, Q52152072,CEO,Person
Q638098, Q6927575,CEO,Person
Q638098, Q100166272,CEO,Person
Q1424962,Q43384742,CEO,Person
Q1424962, Q486359,CEO,Person
Q29017831,Q76340270,CEO,Person
Q21480323,Q7340307,CEO,Person
Q488048,Q7411262,CEO,Person
Q296782,Q16864476,CEO,Person
Q502509,Q56877111,CEO,Person
Q502509, Q81941591,CEO,Person
Q39064,Q4116419,CEO,Person
Q3374730,Q6246476,CEO,Person
Q89575318,Q105076731,CEO,Person
Q502586,Q5233652,CEO,Person
Q847869,Q107420160,CEO,Person
Q1783168,Q60629364,CEO,Person
Q1783168, Q113674610,CEO,Person
Q1738151,Q87567898,CEO,Person
Q41786020,Q66547387,CEO,Person
Q7568898,Q87718121,CEO,Person
Q39087594,Q38239539,CEO,Person
Q1095857,Q87278826,CEO,Person
Q1095857, Q87276726,CEO,Person
Q1095857, Q18531110,CEO,Person
Q1095857, Q87279763,CEO,Person
Q1095857, Q87279505,CEO,Person
Q1095857, Q87279301,CEO,Person
Q1095857, Q87280077,CEO,Person
Q1095857, Q7804094,CEO,Person
Q1095857, Q87279969,CEO,Person
Q1095857, Q87279111,CEO,Person
Q1095857, Q87278294,CEO,Person
Q1095857, Q87278634,CEO,Person
Q10458056,Q1344098,CEO,Person
Q1322045,Q16148115,CEO,Person
Q161140,Q16732482,CEO,Person
Q487494,Q69580854,CEO,Person
Q18589166,Q113682138,CEO,Person
Q27074,Q98027,CEO,Person
Q27074, Q23062326,CEO,Person
Q27074, Q15854233,CEO,Person
Q113301085,Q113301018,CEO,Person
Q57977677,Q7340307,CEO,Person
Q5602510,Q5301998,CEO,Person
Q154950,Q15650949,CEO,Person
Q154950, Q116012,CEO,Person
Q154950, Q354962,CEO,Person
Q493854,Q16734499,CEO,Person
Q24039799,Q113700657,CEO,Person
Q130879,Q1673537,CEO,Person
Q2295406,Q24007496,CEO,Person
Q2295406, Q48453376,CEO,Person
Q541451,Q6767230,CEO,Person
Q506160,Q90566259,CEO,Person
Q5213855,Q19663409,CEO,Person
Q471958,Q105647796,CEO,Person
Q471958, Q20685561,CEO,Person
Q782697,Q42370948,CEO,Person
Q86534930,Q86535462,CEO,Person
Q739416,Q32159211,CEO,Person
Q5643254,Q81200332,CEO,Person
Q95917033,Q56378099,CEO,Person
Q7075640,Q47545683,CEO,Person
Q191551,Q47545530,CEO,Person
Q714491,Q2618302,CEO,Person
Q61707579,Q61707856,CEO,Person
Q1136085,Q2848063,CEO,Person
Q491748,Q86849385,CHAIRMAN,Person
Q246655,Q6833959,CHAIRMAN,Person
Q246655, Q24005689,CHAIRMAN,Person
Q246655, Q80356796,CHAIRMAN,Person
Q1435702,Q4678914,CHAIRMAN,Person
Q1435702, Q7323921,CHAIRMAN,Person
Q6899359,Q5549029,CHAIRMAN,Person
Q779252,Q7184591,CHAIRMAN,Person
Q1374135,Q1793381,CHAIRMAN,Person
Q591090,Q1625109,CHAIRMAN,Person
Q1190881,Q5111826,CHAIRMAN,Person
Q998470,Q65029568,CHAIRMAN,Person
Q6315697,Q91348489,CHAIRMAN,Person
Q3127437,Q81201247,CHAIRMAN,Person
Q7570621,Q87719561,CHAIRMAN,Person
Q489097,Q14538344,CHAIRMAN,Person
Q489097, Q16886228,CHAIRMAN,Person
Q489097, Q61951487,CHAIRMAN,Person
Q1471161,Q24005643,CHAIRMAN,Person
Q1471161, Q81203505,CHAIRMAN,Person
Q585150,Q5928591,CHAIRMAN,Person
Q1044059,Q920620,CHAIRMAN,Person
Q739613,Q599563,CHAIRMAN,Person
Q390107,Q6252350,CHAIRMAN,Person
Q390107, Q19957884,CHAIRMAN,Person
Q502470,Q81209096,CHAIRMAN,Person
Q821293,Q39071252,CHAIRMAN,Person
Q821293, Q1682415,CHAIRMAN,Person
Q8055763,Q87567366,CHAIRMAN,Person
Q8055763, Q87575265,CHAIRMAN,Person
Q683098,Q4760548,CHAIRMAN,Person
Q157062,Q12329016,CHAIRMAN,Person
Q157062, Q1898117,CHAIRMAN,Person
Q157062, Q4777197,CHAIRMAN,Person
Q157062, Q552904,CHAIRMAN,Person
Q152057,Q718292,CHAIRMAN,Person
Q152057, Q963421,CHAIRMAN,Person
Q5890431,Q96989933,CHAIRMAN,Person
Q278810,Q6251919,CHAIRMAN,Person
Q278810, Q105713430,CHAIRMAN,Person
Q1550912,Q26639858,CHAIRMAN,Person
Q1142797,Q6829879,CHAIRMAN,Person
Q791179,Q96070868,CHAIRMAN,Person
Q3003175,Q4765529,CHAIRMAN,Person
Q111589557,Q111589847,CHAIRMAN,Person
Q4836931,Q7172667,CHAIRMAN,Person
Q245343,Q81062866,CHAIRMAN,Person
Q259013,Q87807900,CHAIRMAN,Person
Q259013, Q90583083,CHAIRMAN,Person
Q731938,Q556956,CHAIRMAN,Person
Q1501071,Q3826408,CHAIRMAN,Person
Q919646,Q23887627,CHAIRMAN,Person
Q919646, Q81078322,CHAIRMAN,Person
Q229764,Q39071252,CHAIRMAN,Person
Q122141,Q4457610,CHAIRMAN,Person
Q43863271,Q1625109,CHAIRMAN,Person
Q746365,Q16728635,CHAIRMAN,Person
Q699810,Q23887881,CHAIRMAN,Person
Q593786,Q1682415,CHAIRMAN,Person
Q593786, Q5111958,CHAIRMAN,Person
Q593786, Q15999956,CHAIRMAN,Person
Q680946,Q81204105,CHAIRMAN,Person
Q1465461,Q7174215,CHAIRMAN,Person
Q856411,Q7324474,CHAIRMAN,Person
Q190464,Q6770049,CHAIRMAN,Person
Q7984154,Q3661782,CHAIRMAN,Person
Q18656,Q1185107,CHAIRMAN,Person
Q18656, Q1344421,CHAIRMAN,Person
Q1318049,Q7351858,CHAIRMAN,Person
Q7186887,Q81575741,CHAIRMAN,Person
Q212322,Q2086212,CHAIRMAN,Person
Q212322, Q80362293,CHAIRMAN,Person
Q548278,Q21032614,CHAIRMAN,Person
Q922344,Q28868051,CHAIRMAN,Person
Q183231,Q4756258,CHAIRMAN,Person
Q3446034,Q7358463,CHAIRMAN,Person
Q827927,Q90321157,CHAIRMAN,Person
Q152096,Q5627332,CHAIRMAN,Person
Q152096, Q7173570,CHAIRMAN,Person
Q152096, Q63191287,CHAIRMAN,Person
Q1470848,Q6251241,CHAIRMAN,Person
Q5573225,Q5293413,CHAIRMAN,Person
Q2395492,Q7174215,CHAIRMAN,Person
Q638098,Q80984567,CHAIRMAN,Person
Q638098, Q16151833,CHAIRMAN,Person
Q638098, Q80984331,CHAIRMAN,Person
Q1424962,Q3369320,CHAIRMAN,Person
Q488048,Q86851823,CHAIRMAN,Person
Q488048, Q87725058,CHAIRMAN,Person
Q502509,Q7351858,CHAIRMAN,Person
Q39064,Q227030,CHAIRMAN,Person
Q2170997,Q23795273,CHAIRMAN,Person
Q847869,Q7183109,CHAIRMAN,Person
Q5770739,Q50733590,CHAIRMAN,Person
Q674773,Q5980934,CHAIRMAN,Person
Q1783168,Q4726050,CHAIRMAN,Person
Q1783168, Q7804094,CHAIRMAN,Person
Q1783168, Q16931103,CHAIRMAN,Person
Q43851666,Q1625109,CHAIRMAN,Person
Q1738151,Q87567366,CHAIRMAN,Person
Q5446786,Q321125,CHAIRMAN,Person
Q7568898,Q6251919,CHAIRMAN,Person
Q3541981,Q39071252,CHAIRMAN,Person
Q6108019,Q41795982,CHAIRMAN,Person
Q161140,Q6165504,CHAIRMAN,Person
Q487494,Q1625109,CHAIRMAN,Person
Q538747,Q1381032,CHAIRMAN,Person
Q154950,Q15042554,CHAIRMAN,Person
Q493854,Q23884047,CHAIRMAN,Person
Q2295406,Q1507040,CHAIRMAN,Person
Q541451,Q24005642,CHAIRMAN,Person
Q506160,Q23887376,CHAIRMAN,Person
Q506160, Q75612961,CHAIRMAN,Person
Q471958,Q553390,CHAIRMAN,Person
Q782697,Q7153399,CHAIRMAN,Person
Q70250954,Q70494464,CHAIRMAN,Person
Q739416,Q7357956,CHAIRMAN,Person
Q1470929,Q7175133,CHAIRMAN,Person
Q5643254,Q65029568,CHAIRMAN,Person
Q7075640,Q1520078,CHAIRMAN,Person
Q7075640, Q2618302,CHAIRMAN,Person
Q191551,Q15999956,CHAIRMAN,Person
Q191551, Q24005689,CHAIRMAN,Person
Q1136085,Q5238971,CHAIRMAN,Person
Q746639,Q84,HEADQUARTERS,Location
Q608845,Q919778,HEADQUARTERS,Location
Q7557166,Q84,HEADQUARTERS,Location
Q3277439,Q18125,HEADQUARTERS,Location
Q683146,Q60,HEADQUARTERS,Location
Q44941890,Q868637,HEADQUARTERS,Location
Q7679879,Q655874,HEADQUARTERS,Location
Q8766,Q84,HEADQUARTERS,Location
Q106675801,Q546635,HEADQUARTERS,Location
Q106313219,Q84,HEADQUARTERS,Location
Q12019314,Q84,HEADQUARTERS,Location
Q108907377,Q84,HEADQUARTERS,Location
Q7767101,Q16898562,HEADQUARTERS,Location
Q6677525,Q988761,HEADQUARTERS,Location
Q5424713,Q192240,HEADQUARTERS,Location
Q6115814,Q84,HEADQUARTERS,Location
Q7373980,Q145,HEADQUARTERS,Location
Q4018906,Q4093,HEADQUARTERS,Location
Q104845515,Q84,HEADQUARTERS,Location
Q9531,Q2914560,HEADQUARTERS,Location
Q9531, Q84,HEADQUARTERS,Location
Q16927770,Q84,HEADQUARTERS,Location
Q18712468,Q146747,HEADQUARTERS,Location
Q1256028,Q2420174,HEADQUARTERS,Location
Q5635820,Q4093,HEADQUARTERS,Location
Q17103499,Q1011205,HEADQUARTERS,Location
Q7271329,Q84,HEADQUARTERS,Location
Q1164410,Q19795,HEADQUARTERS,Location
Q3355196,Q84,HEADQUARTERS,Location
Q7454826,Q41262,HEADQUARTERS,Location
Q5501160,Q84,HEADQUARTERS,Location
Q611508,Q1629019,HEADQUARTERS,Location
Q491748,Q60,HEADQUARTERS,Location
Q491748, Q84,HEADQUARTERS,Location
Q246655,Q83065,HEADQUARTERS,Location
Q511988,Q204234,HEADQUARTERS,Location
Q4923333,Q47822,HEADQUARTERS,Location
Q6824499,Q84,HEADQUARTERS,Location
Q692179,Q490,HEADQUARTERS,Location
Q1238400,Q84,HEADQUARTERS,Location
Q138133,Q2066,HEADQUARTERS,Location
Q7535476,Q180803,HEADQUARTERS,Location
Q16995438,Q84,HEADQUARTERS,Location
Q16949748,Q404351,HEADQUARTERS,Location
Q1934568,Q321381,HEADQUARTERS,Location
Q17005953,Q84,HEADQUARTERS,Location
Q5228057,Q84,HEADQUARTERS,Location
Q1432506,Q302613,HEADQUARTERS,Location
Q5888229,Q24826,HEADQUARTERS,Location
Q25936435,Q42448,HEADQUARTERS,Location
Q25936435, Q187861,HEADQUARTERS,Location
Q1435702,Q919778,HEADQUARTERS,Location
Q7096097,Q84,HEADQUARTERS,Location
Q7115375,Q321381,HEADQUARTERS,Location
Q7115375, Q23169,HEADQUARTERS,Location
Q98544768,Q1033978,HEADQUARTERS,Location
Q5443673,Q1425428,HEADQUARTERS,Location
Q114826765,Q3410,HEADQUARTERS,Location
Q2670328,Q84,HEADQUARTERS,Location
Q675808,Q84,HEADQUARTERS,Location
Q6100964,Q84,HEADQUARTERS,Location
Q3398786,Q865716,HEADQUARTERS,Location
Q6899359,Q3401129,HEADQUARTERS,Location
Q6192383,Q1740301,HEADQUARTERS,Location
Q85781784,Q1242441,HEADQUARTERS,Location
Q16250791,Q845619,HEADQUARTERS,Location
Q779252,Q353307,HEADQUARTERS,Location
Q6112633,Q54212,HEADQUARTERS,Location
Q5118192,Q122892,HEADQUARTERS,Location
Q1665181,Q7092688,HEADQUARTERS,Location
Q5284447,Q84,HEADQUARTERS,Location
Q35935,Q750149,HEADQUARTERS,Location
Q109327213,Q841074,HEADQUARTERS,Location
Q85765904,Q1022741,HEADQUARTERS,Location
Q108565198,Q1236661,HEADQUARTERS,Location
Q1374135,Q84,HEADQUARTERS,Location
Q457987,Q213465,HEADQUARTERS,Location
Q65089884,Q60,HEADQUARTERS,Location
Q27067400,Q23154,HEADQUARTERS,Location
Q54001625,Q84,HEADQUARTERS,Location
Q1783815,Q350,HEADQUARTERS,Location
Q28793025,Q84,HEADQUARTERS,Location
Q746413,Q2662373,HEADQUARTERS,Location
Q746413, Q1345,HEADQUARTERS,Location
Q18636704,Q84,HEADQUARTERS,Location
Q7538912,Q4093,HEADQUARTERS,Location
Q5360096,Q1012031,HEADQUARTERS,Location
Q7939294,Q655874,HEADQUARTERS,Location
Q6806391,Q131491,HEADQUARTERS,Location
Q1918981,Q84,HEADQUARTERS,Location
Q27224,Q648810,HEADQUARTERS,Location
Q7435719,Q7017057,HEADQUARTERS,Location
Q7435719, Q5474828,HEADQUARTERS,Location
Q7435719, Q23436,HEADQUARTERS,Location
Q104656618,Q84,HEADQUARTERS,Location
Q7775853,Q868196,HEADQUARTERS,Location
Q7300763,Q84,HEADQUARTERS,Location
Q17072915,Q145,HEADQUARTERS,Location
Q17072915, Q84,HEADQUARTERS,Location
Q99197486,Q18125,HEADQUARTERS,Location
Q591090,Q1425428,HEADQUARTERS,Location
Q1089788,Q10690,HEADQUARTERS,Location
Q26389854,Q161491,HEADQUARTERS,Location
Q16980420,Q84,HEADQUARTERS,Location
Q88561553,Q84,HEADQUARTERS,Location
Q278948,Q84,HEADQUARTERS,Location
Q24434148,Q7498670,HEADQUARTERS,Location
Q61942576,Q23154,HEADQUARTERS,Location
Q217595,Q34217,HEADQUARTERS,Location
Q110746130,Q84,HEADQUARTERS,Location
Q1190881,Q211907,HEADQUARTERS,Location
Q2994824,Q84,HEADQUARTERS,Location
Q7542224,Q203889,HEADQUARTERS,Location
Q30338362,Q84,HEADQUARTERS,Location
Q3191701,Q508998,HEADQUARTERS,Location
Q5165836,Q84,HEADQUARTERS,Location
Q97968817,Q23436,HEADQUARTERS,Location
Q19893023,Q84,HEADQUARTERS,Location
Q998470,Q2662373,HEADQUARTERS,Location
Q998470, Q84,HEADQUARTERS,Location
Q2014847,Q84,HEADQUARTERS,Location
Q7995442,Q84,HEADQUARTERS,Location
Q7833987,Q84,HEADQUARTERS,Location
Q980729,Q84,HEADQUARTERS,Location
Q102424064,Q350,HEADQUARTERS,Location
Q42417805,Q18125,HEADQUARTERS,Location
Q3115835,Q7352064,HEADQUARTERS,Location
Q25160373,Q84,HEADQUARTERS,Location
Q20877059,Q4093,HEADQUARTERS,Location
Q9361374,Q2094727,HEADQUARTERS,Location
Q6315697,Q145,HEADQUARTERS,Location
Q1364617,Q18125,HEADQUARTERS,Location
Q50079115,Q84,HEADQUARTERS,Location
Q56067459,Q84,HEADQUARTERS,Location
Q108810118,Q39121,HEADQUARTERS,Location
Q106317743,Q6757033,HEADQUARTERS,Location
Q16941963,Q209055,HEADQUARTERS,Location
Q255059,Q84,HEADQUARTERS,Location
Q5273798,Q84,HEADQUARTERS,Location
Q4815933,Q7752205,HEADQUARTERS,Location
Q251266,Q208447,HEADQUARTERS,Location
Q4346145,Q1365199,HEADQUARTERS,Location
Q1230936,Q84,HEADQUARTERS,Location
Q107643213,Q18125,HEADQUARTERS,Location
Q10854572,Q84,HEADQUARTERS,Location
Q701338,Q318418,HEADQUARTERS,Location
Q701338, Q1718,HEADQUARTERS,Location
Q7058537,Q10686,HEADQUARTERS,Location
Q6024734,Q23436,HEADQUARTERS,Location
Q5384902,Q84,HEADQUARTERS,Location
Q114961660,Q2559795,HEADQUARTERS,Location
Q108565256,Q23436,HEADQUARTERS,Location
Q108085121,Q3130,HEADQUARTERS,Location
Q7057673,Q984613,HEADQUARTERS,Location
Q2976003,Q84,HEADQUARTERS,Location
Q3127437,Q23154,HEADQUARTERS,Location
Q1636545,Q503477,HEADQUARTERS,Location
Q1636545, Q84,HEADQUARTERS,Location
Q2108217,Q84,HEADQUARTERS,Location
Q2613366,Q1761,HEADQUARTERS,Location
Q103813466,Q84,HEADQUARTERS,Location
Q520445,Q84,HEADQUARTERS,Location
Q7115336,Q23169,HEADQUARTERS,Location
Q7259672,Q217039,HEADQUARTERS,Location
Q1938876,Q147738,HEADQUARTERS,Location
Q7093629,Q84,HEADQUARTERS,Location
Q1479654,Q138578,HEADQUARTERS,Location
Q192621,Q84,HEADQUARTERS,Location
Q5353415,Q84,HEADQUARTERS,Location
Q104640203,Q350,HEADQUARTERS,Location
Q108431347,Q47952,HEADQUARTERS,Location
Q5086824,Q84,HEADQUARTERS,Location
Q7570621,Q671348,HEADQUARTERS,Location
Q489097,Q6910990,HEADQUARTERS,Location
Q249798,Q213246,HEADQUARTERS,Location
Q128523,Q2019274,HEADQUARTERS,Location
Q683102,Q2462661,HEADQUARTERS,Location
Q17986202,Q23436,HEADQUARTERS,Location
Q106395387,Q23436,HEADQUARTERS,Location
Q39052974,Q84,HEADQUARTERS,Location
Q29122906,Q9611,HEADQUARTERS,Location
Q85845553,Q1623026,HEADQUARTERS,Location
Q85845553, Q99,HEADQUARTERS,Location
Q85845553, Q84,HEADQUARTERS,Location
Q2602093,Q42448,HEADQUARTERS,Location
Q5528640,Q84,HEADQUARTERS,Location
Q5016632,Q10690,HEADQUARTERS,Location
Q1434528,Q617799,HEADQUARTERS,Location
Q6662870,Q145,HEADQUARTERS,Location
Q93511730,Q122892,HEADQUARTERS,Location
Q30254127,Q208257,HEADQUARTERS,Location
Q1471161,Q23154,HEADQUARTERS,Location
Q3567082,Q84,HEADQUARTERS,Location
Q4859884,Q5090087,HEADQUARTERS,Location
Q905549,Q225471,HEADQUARTERS,Location
Q937350,Q84,HEADQUARTERS,Location
Q57362423,Q84,HEADQUARTERS,Location
Q951830,Q2330789,HEADQUARTERS,Location
Q5086844,Q994925,HEADQUARTERS,Location
Q3317871,Q18125,HEADQUARTERS,Location
Q7065448,Q2432955,HEADQUARTERS,Location
Q7065448, Q1761,HEADQUARTERS,Location
Q7065448, Q490,HEADQUARTERS,Location
Q110954724,Q5364418,HEADQUARTERS,Location
Q958053,Q19801,HEADQUARTERS,Location
Q7098810,Q4093,HEADQUARTERS,Location
Q2494570,Q84,HEADQUARTERS,Location
Q5100384,Q18125,HEADQUARTERS,Location
Q105701837,Q42448,HEADQUARTERS,Location
Q585150,Q84,HEADQUARTERS,Location
Q481356,Q90,HEADQUARTERS,Location
Q481356, Q84,HEADQUARTERS,Location
Q385558,Q84,HEADQUARTERS,Location
Q106383027,Q7617538,HEADQUARTERS,Location
Q1245484,Q84,HEADQUARTERS,Location
Q16961706,Q124184,HEADQUARTERS,Location
Q7241839,Q184090,HEADQUARTERS,Location
Q18356458,Q1424548,HEADQUARTERS,Location
Q1336200,Q84,HEADQUARTERS,Location
Q4971192,Q84,HEADQUARTERS,Location
Q1562826,Q727,HEADQUARTERS,Location
Q5519528,Q145,HEADQUARTERS,Location
Q19655039,Q18125,HEADQUARTERS,Location
Q14566210,Q17542872,HEADQUARTERS,Location
Q16984508,Q925424,HEADQUARTERS,Location
Q4914683,Q19931,HEADQUARTERS,Location
Q743381,Q27084691,HEADQUARTERS,Location
Q110984949,Q84,HEADQUARTERS,Location
Q2109109,Q84,HEADQUARTERS,Location
Q18819564,Q34217,HEADQUARTERS,Location
Q66902577,Q39121,HEADQUARTERS,Location
Q1044059,Q79848,HEADQUARTERS,Location
Q1044059, Q8652,HEADQUARTERS,Location
Q56151092,Q18125,HEADQUARTERS,Location
Q553658,Q255796,HEADQUARTERS,Location
Q4867321,Q216649,HEADQUARTERS,Location
Q25171872,Q145,HEADQUARTERS,Location
Q17032096,Q145,HEADQUARTERS,Location
Q390107,Q84,HEADQUARTERS,Location
Q3403981,Q1425428,HEADQUARTERS,Location
Q5137069,Q996502,HEADQUARTERS,Location
Q1312950,Q84,HEADQUARTERS,Location
Q7072246,Q7528033,HEADQUARTERS,Location
Q671465,Q145,HEADQUARTERS,Location
Q671465, Q84,HEADQUARTERS,Location
Q7428189,Q919778,HEADQUARTERS,Location
Q41171672,Q2899,HEADQUARTERS,Location
Q557632,Q84,HEADQUARTERS,Location
Q106408225,Q350,HEADQUARTERS,Location
Q5936029,Q128147,HEADQUARTERS,Location
Q652047,Q18125,HEADQUARTERS,Location
Q109531508,Q19801,HEADQUARTERS,Location
Q4835011,Q2914560,HEADQUARTERS,Location
Q4558777,Q985068,HEADQUARTERS,Location
Q56641082,Q1524,HEADQUARTERS,Location
Q56641082, Q84,HEADQUARTERS,Location
Q2687460,Q19798,HEADQUARTERS,Location
Q32277,Q844908,HEADQUARTERS,Location
Q240804,Q84,HEADQUARTERS,Location
Q4010298,Q84,HEADQUARTERS,Location
Q63076799,Q84,HEADQUARTERS,Location
Q5417852,Q145,HEADQUARTERS,Location
Q1423063,Q12356690,HEADQUARTERS,Location
Q716737,Q84,HEADQUARTERS,Location
Q689059,Q204234,HEADQUARTERS,Location
Q587270,Q41262,HEADQUARTERS,Location
Q302251,Q350,HEADQUARTERS,Location
Q5253950,Q845015,HEADQUARTERS,Location
Q6127470,Q84,HEADQUARTERS,Location
Q5563270,Q2045500,HEADQUARTERS,Location
Q779893,Q128147,HEADQUARTERS,Location
Q123885,Q84,HEADQUARTERS,Location
Q4969519,Q7369807,HEADQUARTERS,Location
Q97622325,Q730706,HEADQUARTERS,Location
Q28401395,Q84,HEADQUARTERS,Location
Q603059,Q771986,HEADQUARTERS,Location
Q551566,Q84,HEADQUARTERS,Location
Q7968887,Q184579,HEADQUARTERS,Location
Q502470,Q84,HEADQUARTERS,Location
Q821293,Q3141,HEADQUARTERS,Location
Q821293, Q84,HEADQUARTERS,Location
Q821058,Q30985,HEADQUARTERS,Location
Q310193,Q84,HEADQUARTERS,Location
Q2001085,Q39121,HEADQUARTERS,Location
Q28126625,Q28126625,HEADQUARTERS,Location
Q5025024,Q350,HEADQUARTERS,Location
Q5025024, Q100,HEADQUARTERS,Location
Q63644030,Q1013528,HEADQUARTERS,Location
Q8055763,Q22905,HEADQUARTERS,Location
Q7741451,Q84,HEADQUARTERS,Location
Q104864975,Q1009316,HEADQUARTERS,Location
Q105722121,Q123709,HEADQUARTERS,Location
Q683098,Q84,HEADQUARTERS,Location
Q468157,Q1794,HEADQUARTERS,Location
Q4691850,Q145,HEADQUARTERS,Location
Q52159607,Q43382,HEADQUARTERS,Location
Q1208016,Q84,HEADQUARTERS,Location
Q19870995,Q145,HEADQUARTERS,Location
Q157062,Q84,HEADQUARTERS,Location
Q96375000,Q988100,HEADQUARTERS,Location
Q16997473,Q170478,HEADQUARTERS,Location
Q5140923,Q84,HEADQUARTERS,Location
Q7552132,Q84,HEADQUARTERS,Location
Q5062683,Q2265847,HEADQUARTERS,Location
Q280,Q10981262,HEADQUARTERS,Location
Q25206290,Q145,HEADQUARTERS,Location
Q2996526,Q84,HEADQUARTERS,Location
Q30285179,Q1833112,HEADQUARTERS,Location
Q7293931,Q84,HEADQUARTERS,Location
Q108897827,Q84,HEADQUARTERS,Location
Q17028004,Q23154,HEADQUARTERS,Location
Q5602848,Q84,HEADQUARTERS,Location
Q7643261,Q2213391,HEADQUARTERS,Location
Q17025822,Q204234,HEADQUARTERS,Location
Q28451018,Q84,HEADQUARTERS,Location
Q152057,Q84,HEADQUARTERS,Location
Q110909380,Q84,HEADQUARTERS,Location
Q50379735,Q24826,HEADQUARTERS,Location
Q1805857,Q994925,HEADQUARTERS,Location
Q874407,Q4093,HEADQUARTERS,Location
Q1781087,Q84,HEADQUARTERS,Location
Q114567327,Q4093,HEADQUARTERS,Location
Q105545377,Q84,HEADQUARTERS,Location
Q5275956,Q967165,HEADQUARTERS,Location
Q5275956, Q42462,HEADQUARTERS,Location
Q7058492,Q26,HEADQUARTERS,Location
Q5182740,Q516131,HEADQUARTERS,Location
Q3045865,Q84,HEADQUARTERS,Location
Q2925725,Q464955,HEADQUARTERS,Location
Q5890431,Q504530,HEADQUARTERS,Location
Q115118647,Q4093,HEADQUARTERS,Location
Q5016214,Q84,HEADQUARTERS,Location
Q4833713,Q84,HEADQUARTERS,Location
Q79034919,Q84,HEADQUARTERS,Location
Q18712957,Q84,HEADQUARTERS,Location
Q17032157,Q84,HEADQUARTERS,Location
Q5141908,Q7371920,HEADQUARTERS,Location
Q4869087,Q2598,HEADQUARTERS,Location
Q503176,Q84,HEADQUARTERS,Location
Q503176, Q60,HEADQUARTERS,Location
Q112323424,Q84,HEADQUARTERS,Location
Q75293941,Q42448,HEADQUARTERS,Location
Q22000919,Q84,HEADQUARTERS,Location
Q5019422,Q23436,HEADQUARTERS,Location
Q107451976,Q18125,HEADQUARTERS,Location
Q39738082,Q238803,HEADQUARTERS,Location
Q747678,Q36647,HEADQUARTERS,Location
Q5453048,Q4093,HEADQUARTERS,Location
Q7726526,Q172438,HEADQUARTERS,Location
Q109422953,Q213465,HEADQUARTERS,Location
Q30254136,Q2279685,HEADQUARTERS,Location
Q278810,Q134672,HEADQUARTERS,Location
Q105938854,Q84,HEADQUARTERS,Location
Q5195696,Q84,HEADQUARTERS,Location
Q98561138,Q84,HEADQUARTERS,Location
Q1550912,Q910410,HEADQUARTERS,Location
Q33198629,Q34217,HEADQUARTERS,Location
Q1023876,Q1297,HEADQUARTERS,Location
Q1023876, Q84,HEADQUARTERS,Location
Q911367,Q1026799,HEADQUARTERS,Location
Q24439129,Q54961,HEADQUARTERS,Location
Q4976688,Q145,HEADQUARTERS,Location
Q6516806,Q84,HEADQUARTERS,Location
Q7412675,Q784467,HEADQUARTERS,Location
Q7756612,Q84,HEADQUARTERS,Location
Q1142797,Q84,HEADQUARTERS,Location
Q7929051,Q1013528,HEADQUARTERS,Location
Q4967357,Q2598,HEADQUARTERS,Location
Q95921298,Q84,HEADQUARTERS,Location
Q5033341,Q23436,HEADQUARTERS,Location
Q262854,Q205905,HEADQUARTERS,Location
Q1344680,Q397343,HEADQUARTERS,Location
Q91440588,Q178356,HEADQUARTERS,Location
Q7232504,Q1234712,HEADQUARTERS,Location
Q5193845,Q1094110,HEADQUARTERS,Location
Q109949399,Q922739,HEADQUARTERS,Location
Q769324,Q19773,HEADQUARTERS,Location
Q5477251,Q84,HEADQUARTERS,Location
Q791179,Q84,HEADQUARTERS,Location
Q24910475,Q913386,HEADQUARTERS,Location
Q5094171,Q18125,HEADQUARTERS,Location
Q1630451,Q84,HEADQUARTERS,Location
Q2742913,Q84,HEADQUARTERS,Location
Q108537438,Q3692,HEADQUARTERS,Location
Q109418010,Q922739,HEADQUARTERS,Location
Q5874552,Q23154,HEADQUARTERS,Location
Q105958886,Q1612874,HEADQUARTERS,Location
Q5490892,Q18125,HEADQUARTERS,Location
Q5073284,Q145,HEADQUARTERS,Location
Q3003175,Q681806,HEADQUARTERS,Location
Q5038119,Q18125,HEADQUARTERS,Location
Q30608391,Q84,HEADQUARTERS,Location
Q1504025,Q1139440,HEADQUARTERS,Location
Q111589557,Q18125,HEADQUARTERS,Location
Q111589557, Q84,HEADQUARTERS,Location
Q1052017,Q172996,HEADQUARTERS,Location
Q892447,Q84,HEADQUARTERS,Location
Q4836931,Q24826,HEADQUARTERS,Location
Q245343,Q138768,HEADQUARTERS,Location
Q245343, Q84,HEADQUARTERS,Location
Q30512311,Q2281721,HEADQUARTERS,Location
Q7681924,Q704864,HEADQUARTERS,Location
Q56367812,Q23436,HEADQUARTERS,Location
Q1043403,Q36091,HEADQUARTERS,Location
Q6883832,Q84,HEADQUARTERS,Location
Q6366824,Q84,HEADQUARTERS,Location
Q6516227,Q3404653,HEADQUARTERS,Location
Q16994758,Q84,HEADQUARTERS,Location
Q111517339,Q84,HEADQUARTERS,Location
Q111680985,Q145,HEADQUARTERS,Location
Q2141800,Q172438,HEADQUARTERS,Location
Q85199581,Q84,HEADQUARTERS,Location
Q29123730,Q2334717,HEADQUARTERS,Location
Q6907777,Q84,HEADQUARTERS,Location
Q18388097,Q845619,HEADQUARTERS,Location
Q627381,Q23436,HEADQUARTERS,Location
Q6754124,Q217039,HEADQUARTERS,Location
Q16983668,Q18125,HEADQUARTERS,Location
Q6916538,Q84,HEADQUARTERS,Location
Q55137121,Q42448,HEADQUARTERS,Location
Q1799875,Q84,HEADQUARTERS,Location
Q18358947,Q34217,HEADQUARTERS,Location
Q18358947, Q7115451,HEADQUARTERS,Location
Q17027528,Q21693433,HEADQUARTERS,Location
Q259013,Q464955,HEADQUARTERS,Location
Q6383587,Q990168,HEADQUARTERS,Location
Q7155843,Q42462,HEADQUARTERS,Location
Q1508259,Q84,HEADQUARTERS,Location
Q114896651,Q84,HEADQUARTERS,Location
Q4971696,Q3532,HEADQUARTERS,Location
Q332474,Q84,HEADQUARTERS,Location
Q863618,Q84,HEADQUARTERS,Location
Q60299,Q84,HEADQUARTERS,Location
Q16968376,Q84,HEADQUARTERS,Location
Q30254137,Q213465,HEADQUARTERS,Location
Q111525245,Q84,HEADQUARTERS,Location
Q17512853,Q2256,HEADQUARTERS,Location
Q63242134,Q84,HEADQUARTERS,Location
Q110189455,Q130191,HEADQUARTERS,Location
Q641722,Q90,HEADQUARTERS,Location
Q641722, Q84,HEADQUARTERS,Location
Q23901,Q23140,HEADQUARTERS,Location
Q17062049,Q79848,HEADQUARTERS,Location
Q731938,Q350,HEADQUARTERS,Location
Q731938, Q5025360,HEADQUARTERS,Location
Q87715158,Q1384,HEADQUARTERS,Location
Q87715158, Q84,HEADQUARTERS,Location
Q7330409,Q84,HEADQUARTERS,Location
Q208875,Q124046,HEADQUARTERS,Location
Q208875, Q84,HEADQUARTERS,Location
Q2000610,Q145,HEADQUARTERS,Location
Q6731427,Q213181,HEADQUARTERS,Location
Q945060,Q1425428,HEADQUARTERS,Location
Q5225943,Q188304,HEADQUARTERS,Location
Q27903803,Q1425428,HEADQUARTERS,Location
Q112768698,Q84,HEADQUARTERS,Location
Q60764227,Q84,HEADQUARTERS,Location
Q29561094,Q737765,HEADQUARTERS,Location
Q1501071,Q84,HEADQUARTERS,Location
Q7304475,Q19773,HEADQUARTERS,Location
Q919646,Q84,HEADQUARTERS,Location
Q2786319,Q2178686,HEADQUARTERS,Location
Q5192253,Q34217,HEADQUARTERS,Location
Q30256123,Q1021350,HEADQUARTERS,Location
Q19654399,Q188304,HEADQUARTERS,Location
Q5025595,Q130282,HEADQUARTERS,Location
Q924477,Q84,HEADQUARTERS,Location
Q924477, Q60,HEADQUARTERS,Location
Q270077,Q84,HEADQUARTERS,Location
Q7758738,Q124184,HEADQUARTERS,Location
Q16991969,Q84,HEADQUARTERS,Location
Q372435,Q84,HEADQUARTERS,Location
Q5454046,Q549761,HEADQUARTERS,Location
Q118046,Q84,HEADQUARTERS,Location
Q1165638,Q84,HEADQUARTERS,Location
Q7061499,Q130191,HEADQUARTERS,Location
Q50843317,Q3552816,HEADQUARTERS,Location
Q59536221,Q134672,HEADQUARTERS,Location
Q5423915,Q3552816,HEADQUARTERS,Location
Q4856481,Q179815,HEADQUARTERS,Location
Q4013942,Q84,HEADQUARTERS,Location
Q643626,Q1761,HEADQUARTERS,Location
Q3719191,Q23436,HEADQUARTERS,Location
Q2899153,Q84,HEADQUARTERS,Location
Q1935533,Q84,HEADQUARTERS,Location
Q19593,Q4093,HEADQUARTERS,Location
Q7737184,Q993164,HEADQUARTERS,Location
Q606013,Q84,HEADQUARTERS,Location
Q72556691,Q2734390,HEADQUARTERS,Location
Q1903235,Q988761,HEADQUARTERS,Location
Q2680856,Q84,HEADQUARTERS,Location
Q112614221,Q84,HEADQUARTERS,Location
Q229764,Q84,HEADQUARTERS,Location
Q22000562,Q84,HEADQUARTERS,Location
Q3115866,Q350,HEADQUARTERS,Location
Q3370417,Q271649,HEADQUARTERS,Location
Q1198156,Q36405,HEADQUARTERS,Location
Q5336719,Q84,HEADQUARTERS,Location
Q1986392,Q84,HEADQUARTERS,Location
Q20711812,Q170263,HEADQUARTERS,Location
Q7099117,Q192240,HEADQUARTERS,Location
Q7310479,Q84,HEADQUARTERS,Location
Q66901118,Q39121,HEADQUARTERS,Location
Q1993220,Q993164,HEADQUARTERS,Location
Q13390603,Q213465,HEADQUARTERS,Location
Q482484,Q3467626,HEADQUARTERS,Location
Q8029787,Q124184,HEADQUARTERS,Location
Q50508098,Q503331,HEADQUARTERS,Location
Q29122857,Q1234712,HEADQUARTERS,Location
Q4633377,Q2256,HEADQUARTERS,Location
Q15139453,Q57076,HEADQUARTERS,Location
Q106835740,Q1017196,HEADQUARTERS,Location
Q4035249,Q84,HEADQUARTERS,Location
Q54130855,Q131491,HEADQUARTERS,Location
Q5417329,Q84,HEADQUARTERS,Location
Q16825378,Q84,HEADQUARTERS,Location
Q107452237,Q131491,HEADQUARTERS,Location
Q113164425,Q648810,HEADQUARTERS,Location
Q173146,Q646225,HEADQUARTERS,Location
Q122141,Q655874,HEADQUARTERS,Location
Q122141, Q84,HEADQUARTERS,Location
Q3105441,Q84,HEADQUARTERS,Location
Q7079121,Q84,HEADQUARTERS,Location
Q4789707,Q204234,HEADQUARTERS,Location
Q4654920,Q2256,HEADQUARTERS,Location
Q65978303,Q4093,HEADQUARTERS,Location
Q6747553,Q18125,HEADQUARTERS,Location
Q2927772,Q18125,HEADQUARTERS,Location
Q28121432,Q845619,HEADQUARTERS,Location
Q5133643,Q21683233,HEADQUARTERS,Location
Q5133643, Q72259,HEADQUARTERS,Location
Q23680145,Q1117254,HEADQUARTERS,Location
Q5441547,Q22889,HEADQUARTERS,Location
Q4969879,Q3569249,HEADQUARTERS,Location
Q42891549,Q6225,HEADQUARTERS,Location
Q2905612,Q60032,HEADQUARTERS,Location
Q2905612, Q34217,HEADQUARTERS,Location
Q155152,Q84,HEADQUARTERS,Location
Q155152, Q30,HEADQUARTERS,Location
Q4976470,Q41262,HEADQUARTERS,Location
Q61716258,Q23240,HEADQUARTERS,Location
Q98456399,Q2256,HEADQUARTERS,Location
Q557620,Q134902,HEADQUARTERS,Location
Q107978566,Q4974612,HEADQUARTERS,Location
Q952164,Q213465,HEADQUARTERS,Location
Q4861027,Q2297044,HEADQUARTERS,Location
Q1319169,Q23436,HEADQUARTERS,Location
Q16255869,Q123709,HEADQUARTERS,Location
Q109464887,Q492805,HEADQUARTERS,Location
Q4763946,Q41262,HEADQUARTERS,Location
Q5519902,Q1490,HEADQUARTERS,Location
Q16966284,Q39121,HEADQUARTERS,Location
Q6658601,Q24826,HEADQUARTERS,Location
Q30292594,Q587295,HEADQUARTERS,Location
Q106391900,Q5073150,HEADQUARTERS,Location
Q8025121,Q2256,HEADQUARTERS,Location
Q51010538,Q868637,HEADQUARTERS,Location
Q5365851,Q18125,HEADQUARTERS,Location
Q8056788,Q84,HEADQUARTERS,Location
Q1137581,Q34217,HEADQUARTERS,Location
Q6437642,Q84,HEADQUARTERS,Location
Q7525866,Q84,HEADQUARTERS,Location
Q3069980,Q84,HEADQUARTERS,Location
Q17510056,Q993164,HEADQUARTERS,Location
Q110068116,Q41262,HEADQUARTERS,Location
Q16931747,Q516131,HEADQUARTERS,Location
Q1778417,Q23436,HEADQUARTERS,Location
Q1778417, Q4093,HEADQUARTERS,Location
Q4902765,Q1297,HEADQUARTERS,Location
Q4902765, Q84,HEADQUARTERS,Location
Q4902765, Q65,HEADQUARTERS,Location
Q5167971,Q743521,HEADQUARTERS,Location
Q90821123,Q350,HEADQUARTERS,Location
Q5249959,Q7321505,HEADQUARTERS,Location
Q739518,Q84,HEADQUARTERS,Location
Q7962224,Q84,HEADQUARTERS,Location
Q7200908,Q23276,HEADQUARTERS,Location
Q172030,Q646225,HEADQUARTERS,Location
Q108417780,Q84,HEADQUARTERS,Location
Q463494,Q84,HEADQUARTERS,Location
Q7437643,Q4093,HEADQUARTERS,Location
Q109973018,Q919778,HEADQUARTERS,Location
Q27907429,Q350,HEADQUARTERS,Location
Q6823260,Q84,HEADQUARTERS,Location
Q7137787,Q853012,HEADQUARTERS,Location
Q9293447,Q204234,HEADQUARTERS,Location
Q2589723,Q131491,HEADQUARTERS,Location
Q5917245,Q64116,HEADQUARTERS,Location
Q5017261,Q84,HEADQUARTERS,Location
Q5943510,Q764754,HEADQUARTERS,Location
Q4942146,Q216638,HEADQUARTERS,Location
Q670413,Q261303,HEADQUARTERS,Location
Q43863271,Q955589,HEADQUARTERS,Location
Q3340012,Q316452,HEADQUARTERS,Location
Q5175072,Q634285,HEADQUARTERS,Location
Q1937120,Q10686,HEADQUARTERS,Location
Q7313077,Q19807,HEADQUARTERS,Location
Q6275139,Q955589,HEADQUARTERS,Location
Q2567775,Q84,HEADQUARTERS,Location
Q1759255,Q211907,HEADQUARTERS,Location
Q17020730,Q84,HEADQUARTERS,Location
Q1988059,Q24826,HEADQUARTERS,Location
Q234803,Q207639,HEADQUARTERS,Location
Q5110676,Q60740130,HEADQUARTERS,Location
Q8035166,Q84,HEADQUARTERS,Location
Q4983214,Q1003761,HEADQUARTERS,Location
Q4929261,Q2321784,HEADQUARTERS,Location
Q2755989,Q84,HEADQUARTERS,Location
Q2755989, Q65,HEADQUARTERS,Location
Q4897425,Q215733,HEADQUARTERS,Location
Q100255571,Q42448,HEADQUARTERS,Location
Q7144558,Q204234,HEADQUARTERS,Location
Q5564102,Q145,HEADQUARTERS,Location
Q4865798,Q84,HEADQUARTERS,Location
Q3853911,Q203000,HEADQUARTERS,Location
Q746365,Q84,HEADQUARTERS,Location
Q838832,Q844908,HEADQUARTERS,Location
Q4651295,Q23436,HEADQUARTERS,Location
Q699810,Q810196,HEADQUARTERS,Location
Q79684323,Q26529583,HEADQUARTERS,Location
Q16993006,Q2457865,HEADQUARTERS,Location
Q85593294,Q23154,HEADQUARTERS,Location
Q4045077,Q84,HEADQUARTERS,Location
Q1627928,Q84,HEADQUARTERS,Location
Q494917,Q84,HEADQUARTERS,Location
Q7114191,Q23154,HEADQUARTERS,Location
Q192775,Q4093,HEADQUARTERS,Location
Q55605646,Q84,HEADQUARTERS,Location
Q263465,Q321381,HEADQUARTERS,Location
Q105672184,Q23154,HEADQUARTERS,Location
Q4943949,Q145,HEADQUARTERS,Location
Q7655988,Q84,HEADQUARTERS,Location
Q18159990,Q84,HEADQUARTERS,Location
Q108829640,Q84,HEADQUARTERS,Location
Q5671849,Q84,HEADQUARTERS,Location
Q1419438,Q43382,HEADQUARTERS,Location
Q18392891,Q84,HEADQUARTERS,Location
Q15548291,Q84,HEADQUARTERS,Location
Q246097,Q1018787,HEADQUARTERS,Location
Q29855,Q84,HEADQUARTERS,Location
Q1662481,Q991177,HEADQUARTERS,Location
Q1662481, Q783210,HEADQUARTERS,Location
Q1662481, Q84,HEADQUARTERS,Location
Q203059,Q65,HEADQUARTERS,Location
Q593786,Q4836746,HEADQUARTERS,Location
Q67180232,Q213154,HEADQUARTERS,Location
Q6875511,Q84,HEADQUARTERS,Location
Q17056725,Q84,HEADQUARTERS,Location
Q4745963,Q34217,HEADQUARTERS,Location
Q680946,Q68144,HEADQUARTERS,Location
Q680946, Q785,HEADQUARTERS,Location
Q7681172,Q659803,HEADQUARTERS,Location
Q6805562,Q10690,HEADQUARTERS,Location
Q1397778,Q170497,HEADQUARTERS,Location
Q16985037,Q5690152,HEADQUARTERS,Location
Q8068364,Q84,HEADQUARTERS,Location
Q16828673,Q84,HEADQUARTERS,Location
Q104823916,Q5432280,HEADQUARTERS,Location
Q16976147,Q34217,HEADQUARTERS,Location
Q4045977,Q84,HEADQUARTERS,Location
Q55263377,Q924,HEADQUARTERS,Location
Q55263377, Q145,HEADQUARTERS,Location
Q55263377, Q30,HEADQUARTERS,Location
Q16838155,Q54212,HEADQUARTERS,Location
Q6973419,Q204234,HEADQUARTERS,Location
Q5179055,Q6225,HEADQUARTERS,Location
Q4795774,Q172157,HEADQUARTERS,Location
Q5457150,Q84,HEADQUARTERS,Location
Q735415,Q145,HEADQUARTERS,Location
Q735415, Q84,HEADQUARTERS,Location
Q160126,Q23436,HEADQUARTERS,Location
Q89212210,Q7229394,HEADQUARTERS,Location
Q4879766,Q919778,HEADQUARTERS,Location
Q1465461,Q84,HEADQUARTERS,Location
Q2093972,Q145,HEADQUARTERS,Location
Q15260140,Q22889,HEADQUARTERS,Location
Q4943180,Q913499,HEADQUARTERS,Location
Q8022185,Q19801,HEADQUARTERS,Location
Q5182270,Q128147,HEADQUARTERS,Location
Q666494,Q84,HEADQUARTERS,Location
Q5357804,Q215733,HEADQUARTERS,Location
Q2913458,Q84,HEADQUARTERS,Location
Q110728545,Q42462,HEADQUARTERS,Location
Q7319660,Q84,HEADQUARTERS,Location
Q955545,Q84,HEADQUARTERS,Location
Q1296978,Q83246296,HEADQUARTERS,Location
Q1435010,Q39,HEADQUARTERS,Location
Q6244679,Q22,HEADQUARTERS,Location
Q23461961,Q84,HEADQUARTERS,Location
Q107523662,Q24826,HEADQUARTERS,Location
Q7268761,Q2575363,HEADQUARTERS,Location
Q21061591,Q184579,HEADQUARTERS,Location
Q819721,Q1280897,HEADQUARTERS,Location
Q7835944,Q84,HEADQUARTERS,Location
Q7512312,Q4093,HEADQUARTERS,Location
Q7579661,Q2345424,HEADQUARTERS,Location
Q2170992,Q2947639,HEADQUARTERS,Location
Q1516125,Q84,HEADQUARTERS,Location
Q1516125, Q72,HEADQUARTERS,Location
Q61786999,Q19801,HEADQUARTERS,Location
Q934983,Q8721,HEADQUARTERS,Location
Q294317,Q432152,HEADQUARTERS,Location
Q3237793,Q84,HEADQUARTERS,Location
Q7876554,Q84,HEADQUARTERS,Location
Q2307159,Q84,HEADQUARTERS,Location
Q1140807,Q39121,HEADQUARTERS,Location
Q223429,Q2256,HEADQUARTERS,Location
Q856411,Q84,HEADQUARTERS,Location
Q5677759,Q246884,HEADQUARTERS,Location
Q19840922,Q238803,HEADQUARTERS,Location
Q21061949,Q23229,HEADQUARTERS,Location
Q5306688,Q2665397,HEADQUARTERS,Location
Q60540983,Q84,HEADQUARTERS,Location
Q114599024,Q84,HEADQUARTERS,Location
Q7072245,Q211907,HEADQUARTERS,Location
Q27991271,Q1123106,HEADQUARTERS,Location
Q6956297,Q18125,HEADQUARTERS,Location
Q107856699,Q1008765,HEADQUARTERS,Location
Q18160030,Q23436,HEADQUARTERS,Location
Q105078879,Q161491,HEADQUARTERS,Location
Q190464,Q572887,HEADQUARTERS,Location
Q6984027,Q7157607,HEADQUARTERS,Location
Q7984154,Q22889,HEADQUARTERS,Location
Q66717800,Q2003600,HEADQUARTERS,Location
Q108029365,Q84,HEADQUARTERS,Location
Q54304404,Q989616,HEADQUARTERS,Location
Q97358886,Q285323,HEADQUARTERS,Location
Q18656,Q18125,HEADQUARTERS,Location
Q28455515,Q34217,HEADQUARTERS,Location
Q926943,Q1013528,HEADQUARTERS,Location
Q926943, Q83475,HEADQUARTERS,Location
Q17030995,Q994575,HEADQUARTERS,Location
Q2310500,Q84,HEADQUARTERS,Location
Q221986,Q18787781,HEADQUARTERS,Location
Q7896557,Q10690,HEADQUARTERS,Location
Q85209948,Q2011497,HEADQUARTERS,Location
Q50413632,Q84,HEADQUARTERS,Location
Q6372713,Q84,HEADQUARTERS,Location
Q110339215,Q84,HEADQUARTERS,Location
Q4681353,Q84,HEADQUARTERS,Location
Q16971315,Q648810,HEADQUARTERS,Location
Q1318049,Q147738,HEADQUARTERS,Location
Q1318049, Q1761,HEADQUARTERS,Location
Q1318049, Q84,HEADQUARTERS,Location
Q641555,Q124539,HEADQUARTERS,Location
Q4664506,Q350,HEADQUARTERS,Location
Q108923987,Q84,HEADQUARTERS,Location
Q7186887,Q84,HEADQUARTERS,Location
Q5331219,Q84,HEADQUARTERS,Location
Q6437644,Q741400,HEADQUARTERS,Location
Q652731,Q5677831,HEADQUARTERS,Location
Q834648,Q84,HEADQUARTERS,Location
Q1794466,Q84,HEADQUARTERS,Location
Q7168181,Q2545812,HEADQUARTERS,Location
Q17509697,Q539528,HEADQUARTERS,Location
Q618098,Q90,HEADQUARTERS,Location
Q112725687,Q39121,HEADQUARTERS,Location
Q5119374,Q2570316,HEADQUARTERS,Location
Q7628112,Q84,HEADQUARTERS,Location
Q100371784,Q216372,HEADQUARTERS,Location
Q11149,Q84,HEADQUARTERS,Location
Q20709719,Q2009813,HEADQUARTERS,Location
Q5421650,Q126269,HEADQUARTERS,Location
Q107980182,Q23154,HEADQUARTERS,Location
Q6664920,Q145,HEADQUARTERS,Location
Q4728473,Q84,HEADQUARTERS,Location
Q16964314,Q39121,HEADQUARTERS,Location
Q1247544,Q84,HEADQUARTERS,Location
Q59559127,Q84,HEADQUARTERS,Location
Q7726524,Q18125,HEADQUARTERS,Location
Q1121403,Q170497,HEADQUARTERS,Location
Q3197998,Q804402,HEADQUARTERS,Location
Q49225797,Q84,HEADQUARTERS,Location
Q8036588,Q23287,HEADQUARTERS,Location
Q19365005,Q58900,HEADQUARTERS,Location
Q6960507,Q130191,HEADQUARTERS,Location
Q19870878,Q84,HEADQUARTERS,Location
Q6455435,Q7988627,HEADQUARTERS,Location
Q7161332,Q84,HEADQUARTERS,Location
Q7438022,Q211950,HEADQUARTERS,Location
Q613801,Q84,HEADQUARTERS,Location
Q16980636,Q84,HEADQUARTERS,Location
Q212322,Q1013528,HEADQUARTERS,Location
Q499104,Q616126,HEADQUARTERS,Location
Q28457756,Q84,HEADQUARTERS,Location
Q16598843,Q2634,HEADQUARTERS,Location
Q7095964,Q350,HEADQUARTERS,Location
Q971680,Q4093,HEADQUARTERS,Location
Q548278,Q84,HEADQUARTERS,Location
Q7099056,Q84,HEADQUARTERS,Location
Q7099056, Q60,HEADQUARTERS,Location
Q66499993,Q932841,HEADQUARTERS,Location
Q706247,Q8646,HEADQUARTERS,Location
Q5641894,Q865716,HEADQUARTERS,Location
Q108124604,Q508998,HEADQUARTERS,Location
Q113827460,Q84,HEADQUARTERS,Location
Q19604557,Q768714,HEADQUARTERS,Location
Q922344,Q22905,HEADQUARTERS,Location
Q651140,Q213465,HEADQUARTERS,Location
Q498563,Q84,HEADQUARTERS,Location
Q97344633,Q42448,HEADQUARTERS,Location
Q97344633, Q41262,HEADQUARTERS,Location
Q79684338,Q26530022,HEADQUARTERS,Location
Q880582,Q6861373,HEADQUARTERS,Location
Q4835978,Q1052475,HEADQUARTERS,Location
Q4835978, Q84,HEADQUARTERS,Location
Q30634181,Q84,HEADQUARTERS,Location
Q1296097,Q83065,HEADQUARTERS,Location
Q1063288,Q84,HEADQUARTERS,Location
Q928675,Q84,HEADQUARTERS,Location
Q7492756,Q42448,HEADQUARTERS,Location
Q183231,Q63637740,HEADQUARTERS,Location
Q7060569,Q1631609,HEADQUARTERS,Location
Q1384984,Q216638,HEADQUARTERS,Location
Q3446034,Q84,HEADQUARTERS,Location
Q19944780,Q84,HEADQUARTERS,Location
Q4950583,Q7005379,HEADQUARTERS,Location
Q16991647,Q2472743,HEADQUARTERS,Location
Q104726614,Q121623,HEADQUARTERS,Location
Q106697462,Q84,HEADQUARTERS,Location
Q7934812,Q845619,HEADQUARTERS,Location
Q1494435,Q84,HEADQUARTERS,Location
Q106457458,Q23109,HEADQUARTERS,Location
Q17032964,Q504530,HEADQUARTERS,Location
Q27136461,Q101254,HEADQUARTERS,Location
Q2742196,Q84,HEADQUARTERS,Location
Q108645806,Q203349,HEADQUARTERS,Location
Q610190,Q5209252,HEADQUARTERS,Location
Q7186410,Q192240,HEADQUARTERS,Location
Q2632192,Q340,HEADQUARTERS,Location
Q16933755,Q84,HEADQUARTERS,Location
Q97584634,Q201812,HEADQUARTERS,Location
Q16967516,Q1027131,HEADQUARTERS,Location
Q1619253,Q85,HEADQUARTERS,Location
Q30295392,Q34217,HEADQUARTERS,Location
Q111280258,Q84,HEADQUARTERS,Location
Q100372424,Q131491,HEADQUARTERS,Location
Q4942800,Q21665571,HEADQUARTERS,Location
Q7057220,Q184579,HEADQUARTERS,Location
Q7783585,Q84,HEADQUARTERS,Location
Q3063506,Q84,HEADQUARTERS,Location
Q59187,Q1519653,HEADQUARTERS,Location
Q17020660,Q201812,HEADQUARTERS,Location
Q65059907,Q84,HEADQUARTERS,Location
Q2108626,Q919778,HEADQUARTERS,Location
Q475607,Q18125,HEADQUARTERS,Location
Q107313639,Q84,HEADQUARTERS,Location
Q1735712,Q484678,HEADQUARTERS,Location
Q1735712, Q84,HEADQUARTERS,Location
Q5128274,Q2256,HEADQUARTERS,Location
Q7374195,Q25610,HEADQUARTERS,Location
Q5911369,Q19804,HEADQUARTERS,Location
Q903805,Q2066,HEADQUARTERS,Location
Q903805, Q727,HEADQUARTERS,Location
Q33111863,Q18125,HEADQUARTERS,Location
Q3402475,Q84,HEADQUARTERS,Location
Q6413546,Q2321706,HEADQUARTERS,Location
Q1881443,Q2256,HEADQUARTERS,Location
Q6369889,Q990166,HEADQUARTERS,Location
Q3629491,Q685640,HEADQUARTERS,Location
Q5244795,Q84,HEADQUARTERS,Location
Q98399086,Q84,HEADQUARTERS,Location
Q57945930,Q1337703,HEADQUARTERS,Location
Q6460277,Q84,HEADQUARTERS,Location
Q18161679,Q84,HEADQUARTERS,Location
Q24993582,Q42448,HEADQUARTERS,Location
Q827927,Q84,HEADQUARTERS,Location
Q4753344,Q42448,HEADQUARTERS,Location
Q12063852,Q661619,HEADQUARTERS,Location
Q55104023,Q397343,HEADQUARTERS,Location
Q152096,Q23311,HEADQUARTERS,Location
Q152096, Q84,HEADQUARTERS,Location
Q112496594,Q84,HEADQUARTERS,Location
Q286262,Q84,HEADQUARTERS,Location
Q795933,Q161491,HEADQUARTERS,Location
Q7863870,Q84,HEADQUARTERS,Location
Q7565133,Q84,HEADQUARTERS,Location
Q1049657,Q23436,HEADQUARTERS,Location
Q110286043,Q84,HEADQUARTERS,Location
Q102426398,Q84,HEADQUARTERS,Location
Q1470848,Q84,HEADQUARTERS,Location
Q5573225,Q2056775,HEADQUARTERS,Location
Q151779,Q84,HEADQUARTERS,Location
Q50039646,Q84,HEADQUARTERS,Location
Q56356277,Q41262,HEADQUARTERS,Location
Q17021984,Q2453259,HEADQUARTERS,Location
Q7963123,Q84,HEADQUARTERS,Location
Q5435841,Q996616,HEADQUARTERS,Location
Q30640347,Q84,HEADQUARTERS,Location
Q12073381,Q22905,HEADQUARTERS,Location
Q59353505,Q929286,HEADQUARTERS,Location
Q4664502,Q350,HEADQUARTERS,Location
Q30633405,Q179815,HEADQUARTERS,Location
Q109768523,Q205679,HEADQUARTERS,Location
Q25041326,Q123024,HEADQUARTERS,Location
Q68592499,Q134672,HEADQUARTERS,Location
Q898097,Q84,HEADQUARTERS,Location
Q1258373,Q84,HEADQUARTERS,Location
Q905049,Q810196,HEADQUARTERS,Location
Q5048653,Q184579,HEADQUARTERS,Location
Q548721,Q96762910,HEADQUARTERS,Location
Q7958471,Q2244887,HEADQUARTERS,Location
Q15070396,Q84,HEADQUARTERS,Location
Q2395492,Q84,HEADQUARTERS,Location
Q230899,Q18125,HEADQUARTERS,Location
Q6508164,Q84,HEADQUARTERS,Location
Q109940087,Q1143278,HEADQUARTERS,Location
Q105136614,Q914040,HEADQUARTERS,Location
Q13156826,Q10686,HEADQUARTERS,Location
Q680991,Q188304,HEADQUARTERS,Location
Q112118206,Q23436,HEADQUARTERS,Location
Q64008114,Q9681,HEADQUARTERS,Location
Q5973741,Q1384,HEADQUARTERS,Location
Q5973741, Q60,HEADQUARTERS,Location
Q59849147,Q84,HEADQUARTERS,Location
Q5233633,Q34217,HEADQUARTERS,Location
Q22101973,Q130191,HEADQUARTERS,Location
Q109285858,Q60,HEADQUARTERS,Location
Q105637181,Q84,HEADQUARTERS,Location
Q3183731,Q2224167,HEADQUARTERS,Location
Q7164595,Q798906,HEADQUARTERS,Location
Q5517752,Q41262,HEADQUARTERS,Location
Q582666,Q84,HEADQUARTERS,Location
Q113988629,Q868196,HEADQUARTERS,Location
Q5000878,Q1000597,HEADQUARTERS,Location
Q52157891,Q23157,HEADQUARTERS,Location
Q56556879,Q84,HEADQUARTERS,Location
Q1101257,Q138760,HEADQUARTERS,Location
Q7450972,Q84,HEADQUARTERS,Location
Q64073735,Q213465,HEADQUARTERS,Location
Q4944037,Q41262,HEADQUARTERS,Location
Q5413836,Q84,HEADQUARTERS,Location
Q7755366,Q209096,HEADQUARTERS,Location
Q7574399,Q983606,HEADQUARTERS,Location
Q56174178,Q2749964,HEADQUARTERS,Location
Q66363107,Q84,HEADQUARTERS,Location
Q6104441,Q18125,HEADQUARTERS,Location
Q693730,Q84,HEADQUARTERS,Location
Q3013343,Q84,HEADQUARTERS,Location
Q85811208,Q1790266,HEADQUARTERS,Location
Q21585361,Q84,HEADQUARTERS,Location
Q108908102,Q84,HEADQUARTERS,Location
Q7917205,Q84,HEADQUARTERS,Location
Q105939173,Q84,HEADQUARTERS,Location
Q638098,Q84,HEADQUARTERS,Location
Q3088141,Q84,HEADQUARTERS,Location
Q1424962,Q988761,HEADQUARTERS,Location
Q29025204,Q84,HEADQUARTERS,Location
Q7984828,Q5044039,HEADQUARTERS,Location
Q2337964,Q84,HEADQUARTERS,Location
Q4923252,Q170377,HEADQUARTERS,Location
Q29017831,Q8703,HEADQUARTERS,Location
Q7974594,Q1810766,HEADQUARTERS,Location
Q4801022,Q84,HEADQUARTERS,Location
Q2030718,Q34217,HEADQUARTERS,Location
Q17156801,Q84,HEADQUARTERS,Location
Q108455318,Q84,HEADQUARTERS,Location
Q5415877,Q145,HEADQUARTERS,Location
Q111551681,Q4093,HEADQUARTERS,Location
Q1688976,Q321381,HEADQUARTERS,Location
Q26939075,Q84,HEADQUARTERS,Location
Q6204064,Q101254,HEADQUARTERS,Location
Q112968797,Q42448,HEADQUARTERS,Location
Q8039718,Q3784232,HEADQUARTERS,Location
Q3438119,Q383912,HEADQUARTERS,Location
Q21480323,Q84,HEADQUARTERS,Location
Q87737229,Q665489,HEADQUARTERS,Location
Q6692094,Q22889,HEADQUARTERS,Location
Q1049970,Q161491,HEADQUARTERS,Location
Q488048,Q84,HEADQUARTERS,Location
Q106869094,Q84,HEADQUARTERS,Location
Q5315020,Q2361606,HEADQUARTERS,Location
Q7762394,Q743521,HEADQUARTERS,Location
Q111422197,Q84,HEADQUARTERS,Location
Q623806,Q2256,HEADQUARTERS,Location
Q17150533,Q84,HEADQUARTERS,Location
Q946617,Q180803,HEADQUARTERS,Location
Q87142619,Q704864,HEADQUARTERS,Location
Q7436133,Q660484,HEADQUARTERS,Location
Q6999044,Q1021319,HEADQUARTERS,Location
Q7235675,Q201812,HEADQUARTERS,Location
Q108749467,Q145,HEADQUARTERS,Location
Q296782,Q350,HEADQUARTERS,Location
Q7164557,Q517315,HEADQUARTERS,Location
Q502509,Q84,HEADQUARTERS,Location
Q39064,Q84,HEADQUARTERS,Location
Q8961925,Q84,HEADQUARTERS,Location
Q6122893,Q6225,HEADQUARTERS,Location
Q1076074,Q810196,HEADQUARTERS,Location
Q21189883,Q84,HEADQUARTERS,Location
Q7691413,Q643160,HEADQUARTERS,Location
Q16974671,Q2500974,HEADQUARTERS,Location
Q100450291,Q84,HEADQUARTERS,Location
Q2118336,Q1000597,HEADQUARTERS,Location
Q16952586,Q203889,HEADQUARTERS,Location
Q16927823,Q84,HEADQUARTERS,Location
Q27928770,Q2463831,HEADQUARTERS,Location
Q7836137,Q84,HEADQUARTERS,Location
Q4789790,Q84,HEADQUARTERS,Location
Q80477024,Q26529975,HEADQUARTERS,Location
Q4954399,Q145,HEADQUARTERS,Location
Q3866987,Q2081109,HEADQUARTERS,Location
Q4664352,Q84,HEADQUARTERS,Location
Q5332118,Q84,HEADQUARTERS,Location
Q3374730,Q179351,HEADQUARTERS,Location
Q7654224,Q84,HEADQUARTERS,Location
Q89575318,Q2074422,HEADQUARTERS,Location
Q674575,Q1860611,HEADQUARTERS,Location
Q674575, Q25319,HEADQUARTERS,Location
Q6524851,Q84,HEADQUARTERS,Location
Q25111797,Q84,HEADQUARTERS,Location
Q23818238,Q84,HEADQUARTERS,Location
Q5280285,Q122892,HEADQUARTERS,Location
Q5209225,Q192240,HEADQUARTERS,Location
Q3146794,Q84,HEADQUARTERS,Location
Q18345898,Q39121,HEADQUARTERS,Location
Q107410878,Q23436,HEADQUARTERS,Location
Q1893576,Q84,HEADQUARTERS,Location
Q11148,Q84,HEADQUARTERS,Location
Q25351738,Q783570,HEADQUARTERS,Location
Q7115196,Q145,HEADQUARTERS,Location
Q106938039,Q546635,HEADQUARTERS,Location
Q2170997,Q17576605,HEADQUARTERS,Location
Q238132,Q123709,HEADQUARTERS,Location
Q289704,Q5465,HEADQUARTERS,Location
Q289704, Q84,HEADQUARTERS,Location
Q502586,Q84,HEADQUARTERS,Location
Q16992195,Q24826,HEADQUARTERS,Location
Q5909605,Q2213391,HEADQUARTERS,Location
Q183399,Q17549117,HEADQUARTERS,Location
Q1671741,Q1026420,HEADQUARTERS,Location
Q1671741, Q84,HEADQUARTERS,Location
Q1140383,Q1020362,HEADQUARTERS,Location
Q7936150,Q2361806,HEADQUARTERS,Location
Q7295525,Q84,HEADQUARTERS,Location
Q1548712,Q200942,HEADQUARTERS,Location
Q105384080,Q1018505,HEADQUARTERS,Location
Q4970124,Q84,HEADQUARTERS,Location
Q847869,Q350,HEADQUARTERS,Location
Q5000795,Q84,HEADQUARTERS,Location
Q6888437,Q200942,HEADQUARTERS,Location
Q96374454,Q671348,HEADQUARTERS,Location
Q1440267,Q179351,HEADQUARTERS,Location
Q1889791,Q84,HEADQUARTERS,Location
Q20113463,Q84,HEADQUARTERS,Location
Q110478780,Q170478,HEADQUARTERS,Location
Q17984545,Q145,HEADQUARTERS,Location
Q13529041,Q42462,HEADQUARTERS,Location
Q4904749,Q21694636,HEADQUARTERS,Location
Q4904749, Q64116,HEADQUARTERS,Location
Q18354334,Q84,HEADQUARTERS,Location
Q238095,Q84,HEADQUARTERS,Location
Q5045782,Q1972020,HEADQUARTERS,Location
Q7985932,Q2734868,HEADQUARTERS,Location
Q5770739,Q1304231,HEADQUARTERS,Location
Q5770739, Q84,HEADQUARTERS,Location
Q7962149,Q145,HEADQUARTERS,Location
Q109532839,Q84,HEADQUARTERS,Location
Q19873165,Q84,HEADQUARTERS,Location
Q85845666,Q5887044,HEADQUARTERS,Location
Q1548159,Q213465,HEADQUARTERS,Location
Q2408951,Q161491,HEADQUARTERS,Location
Q7848014,Q84,HEADQUARTERS,Location
Q217623,Q84,HEADQUARTERS,Location
Q16997376,Q84,HEADQUARTERS,Location
Q15255982,Q209096,HEADQUARTERS,Location
Q111685065,Q84,HEADQUARTERS,Location
Q7017222,Q655874,HEADQUARTERS,Location
Q56246099,Q397343,HEADQUARTERS,Location
Q1152847,Q84,HEADQUARTERS,Location
Q99196869,Q1857563,HEADQUARTERS,Location
Q7970646,Q23148,HEADQUARTERS,Location
Q3354444,Q84,HEADQUARTERS,Location
Q6824933,Q84,HEADQUARTERS,Location
Q7656101,Q23276,HEADQUARTERS,Location
Q1051613,Q195212,HEADQUARTERS,Location
Q1051613, Q84,HEADQUARTERS,Location
Q1475656,Q7448348,HEADQUARTERS,Location
Q7268713,Q83065,HEADQUARTERS,Location
Q50494642,Q84,HEADQUARTERS,Location
Q6094914,Q84,HEADQUARTERS,Location
Q127120,Q170478,HEADQUARTERS,Location
Q16960261,Q1615894,HEADQUARTERS,Location
Q5329759,Q184775,HEADQUARTERS,Location
Q16266954,Q34217,HEADQUARTERS,Location
Q6907914,Q84,HEADQUARTERS,Location
Q6268725,Q841074,HEADQUARTERS,Location
Q6773982,Q126269,HEADQUARTERS,Location
Q5466625,Q4093,HEADQUARTERS,Location
Q114567232,Q1810766,HEADQUARTERS,Location
Q5179118,Q6225,HEADQUARTERS,Location
Q325156,Q910410,HEADQUARTERS,Location
Q3778585,Q84,HEADQUARTERS,Location
Q106323066,Q1397011,HEADQUARTERS,Location
Q5287230,Q84,HEADQUARTERS,Location
Q1931458,Q655874,HEADQUARTERS,Location
Q8055678,Q39121,HEADQUARTERS,Location
Q16902799,Q464955,HEADQUARTERS,Location
Q2237796,Q184163,HEADQUARTERS,Location
Q3408814,Q84,HEADQUARTERS,Location
Q6972536,Q2022317,HEADQUARTERS,Location
Q115189646,Q67531563,HEADQUARTERS,Location
Q17063744,Q84,HEADQUARTERS,Location
Q1628518,Q48039,HEADQUARTERS,Location
Q7933952,Q84,HEADQUARTERS,Location
Q105102486,Q213465,HEADQUARTERS,Location
Q17066269,Q1616042,HEADQUARTERS,Location
Q96382406,Q145,HEADQUARTERS,Location
Q5235126,Q84,HEADQUARTERS,Location
Q6516106,Q6516152,HEADQUARTERS,Location
Q99611558,Q1857563,HEADQUARTERS,Location
Q4688977,Q19788,HEADQUARTERS,Location
Q1358555,Q84,HEADQUARTERS,Location
Q5604859,Q2170996,HEADQUARTERS,Location
Q8074201,Q84,HEADQUARTERS,Location
Q86503039,Q64214448,HEADQUARTERS,Location
Q180419,Q84,HEADQUARTERS,Location
Q7598824,Q145,HEADQUARTERS,Location
Q7598824, Q84,HEADQUARTERS,Location
Q8002536,Q2281091,HEADQUARTERS,Location
Q19604403,Q84,HEADQUARTERS,Location
Q5656550,Q84,HEADQUARTERS,Location
Q25112482,Q23276,HEADQUARTERS,Location
Q5184550,Q1070428,HEADQUARTERS,Location
Q546004,Q573788,HEADQUARTERS,Location
Q97621445,Q3001983,HEADQUARTERS,Location
Q5177551,Q909993,HEADQUARTERS,Location
Q4819798,Q84,HEADQUARTERS,Location
Q5676915,Q2256,HEADQUARTERS,Location
Q7987043,Q23083,HEADQUARTERS,Location
Q7096543,Q84,HEADQUARTERS,Location
Q14175176,Q84,HEADQUARTERS,Location
Q4890299,Q1622949,HEADQUARTERS,Location
Q114467462,Q84,HEADQUARTERS,Location
Q15070334,Q213465,HEADQUARTERS,Location
Q55098947,Q41262,HEADQUARTERS,Location
Q1783168,Q84,HEADQUARTERS,Location
Q24908166,Q2598,HEADQUARTERS,Location
Q114357899,Q84,HEADQUARTERS,Location
Q274,Q638662,HEADQUARTERS,Location
Q4752272,Q84,HEADQUARTERS,Location
Q838544,Q41262,HEADQUARTERS,Location
Q16989244,Q84,HEADQUARTERS,Location
Q16989244, Q64,HEADQUARTERS,Location
Q100553182,Q43382,HEADQUARTERS,Location
Q7141983,Q189288,HEADQUARTERS,Location
Q43851666,Q955589,HEADQUARTERS,Location
Q7639452,Q503477,HEADQUARTERS,Location
Q2296078,Q84,HEADQUARTERS,Location
Q108485794,Q19772,HEADQUARTERS,Location
Q1738151,Q22905,HEADQUARTERS,Location
Q5446786,Q23635,HEADQUARTERS,Location
Q30688985,Q5167595,HEADQUARTERS,Location
Q5588477,Q1026182,HEADQUARTERS,Location
Q1335379,Q863832,HEADQUARTERS,Location
Q1105202,Q84,HEADQUARTERS,Location
Q756420,Q2500974,HEADQUARTERS,Location
Q16990955,Q5646331,HEADQUARTERS,Location
Q60673950,Q170478,HEADQUARTERS,Location
Q861799,Q84,HEADQUARTERS,Location
Q5602560,Q39121,HEADQUARTERS,Location
Q116232,Q1726,HEADQUARTERS,Location
Q116232, Q183,HEADQUARTERS,Location
Q3012558,Q84,HEADQUARTERS,Location
Q958101,Q350,HEADQUARTERS,Location
Q6123139,Q41262,HEADQUARTERS,Location
Q7500016,Q83065,HEADQUARTERS,Location
Q7796317,Q23098,HEADQUARTERS,Location
Q2033167,Q2432955,HEADQUARTERS,Location
Q16974263,Q628818,HEADQUARTERS,Location
Q157118,Q61,HEADQUARTERS,Location
Q85744869,Q10690,HEADQUARTERS,Location
Q1023871,Q84,HEADQUARTERS,Location
Q41786020,Q134672,HEADQUARTERS,Location
Q1664118,Q79848,HEADQUARTERS,Location
Q20711874,Q84,HEADQUARTERS,Location
Q59536911,Q39121,HEADQUARTERS,Location
Q46996006,Q23311,HEADQUARTERS,Location
Q46996006, Q90,HEADQUARTERS,Location
Q13512339,Q504530,HEADQUARTERS,Location
Q2685641,Q84,HEADQUARTERS,Location
Q7568898,Q134672,HEADQUARTERS,Location
Q5113390,Q23220,HEADQUARTERS,Location
Q7490280,Q534730,HEADQUARTERS,Location
Q6420723,Q60,HEADQUARTERS,Location
Q7884777,Q18125,HEADQUARTERS,Location
Q7058871,Q1425428,HEADQUARTERS,Location
Q7520987,Q84,HEADQUARTERS,Location
Q1130409,Q23204,HEADQUARTERS,Location
Q108300216,Q163,HEADQUARTERS,Location
Q7711811,Q22905,HEADQUARTERS,Location
Q865037,Q84,HEADQUARTERS,Location
Q67013382,Q43475,HEADQUARTERS,Location
Q18712346,Q350,HEADQUARTERS,Location
Q336197,Q6413000,HEADQUARTERS,Location
Q18648895,Q739700,HEADQUARTERS,Location
Q7866331,Q145,HEADQUARTERS,Location
Q105161596,Q84,HEADQUARTERS,Location
Q16838702,Q84,HEADQUARTERS,Location
Q5333901,Q281749,HEADQUARTERS,Location
Q108915665,Q6225,HEADQUARTERS,Location
Q16834657,Q1014104,HEADQUARTERS,Location
Q16999069,Q913386,HEADQUARTERS,Location
Q15733006,Q694178,HEADQUARTERS,Location
Q15733006, Q84,HEADQUARTERS,Location
Q5533836,Q810196,HEADQUARTERS,Location
Q4702212,Q84,HEADQUARTERS,Location
Q100934149,Q2256,HEADQUARTERS,Location
Q5189025,Q2338468,HEADQUARTERS,Location
Q1181484,Q84,HEADQUARTERS,Location
Q5582545,Q775299,HEADQUARTERS,Location
Q21996544,Q544939,HEADQUARTERS,Location
Q880551,Q2330678,HEADQUARTERS,Location
Q108565133,Q21496716,HEADQUARTERS,Location
Q30338430,Q84,HEADQUARTERS,Location
Q804364,Q84,HEADQUARTERS,Location
Q7552374,Q23436,HEADQUARTERS,Location
Q5446905,Q84,HEADQUARTERS,Location
Q7235939,Q1626044,HEADQUARTERS,Location
Q5258868,Q84,HEADQUARTERS,Location
Q126543,Q84,HEADQUARTERS,Location
Q1943651,Q288781,HEADQUARTERS,Location
Q1943651, Q84,HEADQUARTERS,Location
Q21015709,Q184775,HEADQUARTERS,Location
Q7439115,Q550110,HEADQUARTERS,Location
Q39087594,Q18125,HEADQUARTERS,Location
Q25109789,Q84,HEADQUARTERS,Location
Q56760280,Q204956,HEADQUARTERS,Location
Q1906017,Q84,HEADQUARTERS,Location
Q114877821,Q18125,HEADQUARTERS,Location
Q1465200,Q1022447,HEADQUARTERS,Location
Q16953878,Q42448,HEADQUARTERS,Location
Q3269443,Q772507,HEADQUARTERS,Location
Q15839366,Q208257,HEADQUARTERS,Location
Q17018940,Q1143278,HEADQUARTERS,Location
Q108319640,Q18125,HEADQUARTERS,Location
Q2928594,Q22889,HEADQUARTERS,Location
Q3520318,Q18125,HEADQUARTERS,Location
Q4849219,Q84,HEADQUARTERS,Location
Q18636348,Q84,HEADQUARTERS,Location
Q1510450,Q993164,HEADQUARTERS,Location
Q3541981,Q84,HEADQUARTERS,Location
Q62604390,Q4093,HEADQUARTERS,Location
Q1379710,Q84,HEADQUARTERS,Location
Q1948306,Q84,HEADQUARTERS,Location
Q5174993,Q238803,HEADQUARTERS,Location
Q6556889,Q3532,HEADQUARTERS,Location
Q6556889, Q84,HEADQUARTERS,Location
Q5466542,Q22889,HEADQUARTERS,Location
Q1476377,Q277162,HEADQUARTERS,Location
Q1095857,Q1249656,HEADQUARTERS,Location
Q7246300,Q84,HEADQUARTERS,Location
Q14956770,Q14997270,HEADQUARTERS,Location
Q794591,Q2552583,HEADQUARTERS,Location
Q6911608,Q72259,HEADQUARTERS,Location
Q18357698,Q909993,HEADQUARTERS,Location
Q20876097,Q2213391,HEADQUARTERS,Location
Q843431,Q84,HEADQUARTERS,Location
Q107861131,Q5605205,HEADQUARTERS,Location
Q6859155,Q23436,HEADQUARTERS,Location
Q7969732,Q3532,HEADQUARTERS,Location
Q5588445,Q84,HEADQUARTERS,Location
Q2811992,Q34647,HEADQUARTERS,Location
Q579524,Q1996975,HEADQUARTERS,Location
Q100256336,Q84,HEADQUARTERS,Location
Q15235377,Q42448,HEADQUARTERS,Location
Q7440226,Q22905,HEADQUARTERS,Location
Q16997846,Q84,HEADQUARTERS,Location
Q99732313,Q2256,HEADQUARTERS,Location
Q804920,Q84,HEADQUARTERS,Location
Q6824806,Q844908,HEADQUARTERS,Location
Q7248254,Q84,HEADQUARTERS,Location
Q112116303,Q1018121,HEADQUARTERS,Location
Q10458056,Q84,HEADQUARTERS,Location
Q846735,Q200942,HEADQUARTERS,Location
Q1322045,Q84,HEADQUARTERS,Location
Q210534,Q84,HEADQUARTERS,Location
Q100333041,Q72259,HEADQUARTERS,Location
Q324029,Q84,HEADQUARTERS,Location
Q54303510,Q24826,HEADQUARTERS,Location
Q3146461,Q84,HEADQUARTERS,Location
Q16258059,Q1425428,HEADQUARTERS,Location
Q2071252,Q5330652,HEADQUARTERS,Location
Q5204208,Q84,HEADQUARTERS,Location
Q6456292,Q84,HEADQUARTERS,Location
Q1138080,Q6225,HEADQUARTERS,Location
Q4810825,Q350,HEADQUARTERS,Location
Q97924395,Q2256,HEADQUARTERS,Location
Q7432952,Q848287,HEADQUARTERS,Location
Q912887,Q350,HEADQUARTERS,Location
Q161140,Q84,HEADQUARTERS,Location
Q170027,Q84,HEADQUARTERS,Location
Q3403347,Q130191,HEADQUARTERS,Location
Q50809770,Q2443240,HEADQUARTERS,Location
Q4883362,Q84,HEADQUARTERS,Location
Q84079026,Q4093,HEADQUARTERS,Location
Q21592240,Q84,HEADQUARTERS,Location
Q6391833,Q213180,HEADQUARTERS,Location
Q7326811,Q84,HEADQUARTERS,Location
Q1199764,Q60,HEADQUARTERS,Location
Q16985637,Q1857589,HEADQUARTERS,Location
Q4053147,Q84,HEADQUARTERS,Location
Q7118727,Q83609,HEADQUARTERS,Location
Q7304184,Q350,HEADQUARTERS,Location
Q7157762,Q10690,HEADQUARTERS,Location
Q58483189,Q84,HEADQUARTERS,Location
Q301092,Q23154,HEADQUARTERS,Location
Q107148047,Q1022488,HEADQUARTERS,Location
Q5134299,Q373971,HEADQUARTERS,Location
Q110247043,Q936183,HEADQUARTERS,Location
Q19903306,Q84,HEADQUARTERS,Location
Q6744343,Q84,HEADQUARTERS,Location
Q55177088,Q991350,HEADQUARTERS,Location
Q3476350,Q4093,HEADQUARTERS,Location
Q5050272,Q41262,HEADQUARTERS,Location
Q113500584,Q121663,HEADQUARTERS,Location
Q1785352,Q810196,HEADQUARTERS,Location
Q1810244,Q84,HEADQUARTERS,Location
Q28404576,Q145,HEADQUARTERS,Location
Q771734,Q783210,HEADQUARTERS,Location
Q19654538,Q1869886,HEADQUARTERS,Location
Q707602,Q731069,HEADQUARTERS,Location
Q7988183,Q10690,HEADQUARTERS,Location
Q1542317,Q2195514,HEADQUARTERS,Location
Q8055673,Q216638,HEADQUARTERS,Location
Q487494,Q19789,HEADQUARTERS,Location
Q4836845,Q84,HEADQUARTERS,Location
Q5270359,Q84,HEADQUARTERS,Location
Q43895163,Q34217,HEADQUARTERS,Location
Q7618657,Q671892,HEADQUARTERS,Location
Q6979055,Q18655,HEADQUARTERS,Location
Q21041507,Q142,HEADQUARTERS,Location
Q5559841,Q1631609,HEADQUARTERS,Location
Q5452145,Q189592,HEADQUARTERS,Location
Q3249419,Q34217,HEADQUARTERS,Location
Q2855977,Q2345424,HEADQUARTERS,Location
Q1026582,Q2469984,HEADQUARTERS,Location
Q211237,Q19788,HEADQUARTERS,Location
Q549624,Q84,HEADQUARTERS,Location
Q168241,Q3802,HEADQUARTERS,Location
Q2091609,Q84,HEADQUARTERS,Location
Q7190491,Q84,HEADQUARTERS,Location
Q30324333,Q84,HEADQUARTERS,Location
Q5179756,Q131491,HEADQUARTERS,Location
Q7951145,Q478218,HEADQUARTERS,Location
Q7951145, Q10690,HEADQUARTERS,Location
Q7284120,Q729006,HEADQUARTERS,Location
Q5467372,Q84,HEADQUARTERS,Location
Q5416921,Q83065,HEADQUARTERS,Location
Q107600739,Q84,HEADQUARTERS,Location
Q18589166,Q84,HEADQUARTERS,Location
Q4035093,Q84,HEADQUARTERS,Location
Q5475480,Q145,HEADQUARTERS,Location
Q6653170,Q24826,HEADQUARTERS,Location
Q7996831,Q990166,HEADQUARTERS,Location
Q3246464,Q3532,HEADQUARTERS,Location
Q6155304,Q1015092,HEADQUARTERS,Location
Q7864927,Q84,HEADQUARTERS,Location
Q30254825,Q84,HEADQUARTERS,Location
Q2740021,Q84,HEADQUARTERS,Location
Q17017289,Q7594955,HEADQUARTERS,Location
Q4353662,Q23154,HEADQUARTERS,Location
Q17020712,Q24826,HEADQUARTERS,Location
Q59209009,Q43475,HEADQUARTERS,Location
Q56706731,Q84,HEADQUARTERS,Location
Q952937,Q84,HEADQUARTERS,Location
Q61862574,Q33935,HEADQUARTERS,Location
Q113380857,Q4093,HEADQUARTERS,Location
Q27780064,Q84,HEADQUARTERS,Location
Q3051064,Q2346848,HEADQUARTERS,Location
Q111677447,Q206934,HEADQUARTERS,Location
Q108396122,Q84,HEADQUARTERS,Location
Q4689707,Q84,HEADQUARTERS,Location
Q297410,Q39121,HEADQUARTERS,Location
Q66424761,Q84,HEADQUARTERS,Location
Q1054692,Q492805,HEADQUARTERS,Location
Q103843071,Q84,HEADQUARTERS,Location
Q409271,Q1761,HEADQUARTERS,Location
Q6899324,Q130191,HEADQUARTERS,Location
Q3658279,Q84,HEADQUARTERS,Location
Q112954727,Q26888,HEADQUARTERS,Location
Q3541062,Q131491,HEADQUARTERS,Location
Q1136426,Q84,HEADQUARTERS,Location
Q19582513,Q189288,HEADQUARTERS,Location
Q7205652,Q42448,HEADQUARTERS,Location
Q4848560,Q18125,HEADQUARTERS,Location
Q27074,Q601448,HEADQUARTERS,Location
Q3310164,Q826561,HEADQUARTERS,Location
Q16988330,Q84,HEADQUARTERS,Location
Q3045727,Q6225,HEADQUARTERS,Location
Q106537558,Q131491,HEADQUARTERS,Location
Q111417174,Q84,HEADQUARTERS,Location
Q5298850,Q661619,HEADQUARTERS,Location
Q5175738,Q445058,HEADQUARTERS,Location
Q3325340,Q2213391,HEADQUARTERS,Location
Q4810393,Q215733,HEADQUARTERS,Location
Q57977677,Q84,HEADQUARTERS,Location
Q111132835,Q23436,HEADQUARTERS,Location
Q54877457,Q914040,HEADQUARTERS,Location
Q4969074,Q23154,HEADQUARTERS,Location
Q100138679,Q84,HEADQUARTERS,Location
Q4816305,Q84,HEADQUARTERS,Location
Q18161873,Q84,HEADQUARTERS,Location
Q111487512,Q2616249,HEADQUARTERS,Location
Q52164641,Q841074,HEADQUARTERS,Location
Q2522363,Q84,HEADQUARTERS,Location
Q4779426,Q23436,HEADQUARTERS,Location
Q21592473,Q84,HEADQUARTERS,Location
Q18355951,Q704864,HEADQUARTERS,Location
Q17003652,Q131491,HEADQUARTERS,Location
Q1939341,Q84,HEADQUARTERS,Location
Q3514518,Q84,HEADQUARTERS,Location
Q76473287,Q84,HEADQUARTERS,Location
Q5599804,Q84,HEADQUARTERS,Location
Q6901154,Q156990,HEADQUARTERS,Location
Q4778373,Q84,HEADQUARTERS,Location
Q16257838,Q1020251,HEADQUARTERS,Location
Q65560445,Q84,HEADQUARTERS,Location
Q3496440,Q84,HEADQUARTERS,Location
Q7705696,Q84,HEADQUARTERS,Location
Q7429211,Q184579,HEADQUARTERS,Location
Q268267,Q611570,HEADQUARTERS,Location
Q15176605,Q41621,HEADQUARTERS,Location
Q110216831,Q844908,HEADQUARTERS,Location
Q2524499,Q84,HEADQUARTERS,Location
Q7232008,Q84,HEADQUARTERS,Location
Q538747,Q990125,HEADQUARTERS,Location
Q86439515,Q913386,HEADQUARTERS,Location
Q7569543,Q2584915,HEADQUARTERS,Location
Q5210797,Q215829,HEADQUARTERS,Location
Q4906222,Q2282928,HEADQUARTERS,Location
Q5753373,Q204720,HEADQUARTERS,Location
Q15710123,Q84,HEADQUARTERS,Location
Q14463124,Q130191,HEADQUARTERS,Location
Q5564162,Q764754,HEADQUARTERS,Location
Q17026595,Q1612237,HEADQUARTERS,Location
Q7394933,Q84,HEADQUARTERS,Location
Q568642,Q84,HEADQUARTERS,Location
Q5602510,Q19792,HEADQUARTERS,Location
Q108577162,Q84,HEADQUARTERS,Location
Q15732971,Q84,HEADQUARTERS,Location
Q4131576,Q238803,HEADQUARTERS,Location
Q5509685,Q211907,HEADQUARTERS,Location
Q7962374,Q92615,HEADQUARTERS,Location
Q154950,Q939044,HEADQUARTERS,Location
Q16991557,Q10690,HEADQUARTERS,Location
Q4928707,Q84,HEADQUARTERS,Location
Q50374717,Q5912898,HEADQUARTERS,Location
Q7492510,Q1003196,HEADQUARTERS,Location
Q109805291,Q1022488,HEADQUARTERS,Location
Q5757490,Q18125,HEADQUARTERS,Location
Q22080492,Q84,HEADQUARTERS,Location
Q5449873,Q84,HEADQUARTERS,Location
Q11331196,Q1490,HEADQUARTERS,Location
Q5297602,Q84,HEADQUARTERS,Location
Q283790,Q8999,HEADQUARTERS,Location
Q5159842,Q84,HEADQUARTERS,Location
Q6425762,Q84,HEADQUARTERS,Location
Q130744,Q546635,HEADQUARTERS,Location
Q130744, Q21,HEADQUARTERS,Location
Q784001,Q84,HEADQUARTERS,Location
Q6450054,Q546635,HEADQUARTERS,Location
Q503715,Q84,HEADQUARTERS,Location
Q5443598,Q947400,HEADQUARTERS,Location
Q23891278,Q84,HEADQUARTERS,Location
Q22908307,Q84,HEADQUARTERS,Location
Q4957208,Q131491,HEADQUARTERS,Location
Q111514472,Q131491,HEADQUARTERS,Location
Q1428719,Q535233,HEADQUARTERS,Location
Q765389,Q213465,HEADQUARTERS,Location
Q765389, Q23276,HEADQUARTERS,Location
Q3070672,Q2199102,HEADQUARTERS,Location
Q37110257,Q2074422,HEADQUARTERS,Location
Q1725456,Q131491,HEADQUARTERS,Location
Q16250947,Q37100,HEADQUARTERS,Location
Q815776,Q84,HEADQUARTERS,Location
Q4976630,Q179351,HEADQUARTERS,Location
Q493854,Q203000,HEADQUARTERS,Location
Q7313261,Q29471,HEADQUARTERS,Location
Q4047302,Q145,HEADQUARTERS,Location
Q24039799,Q84,HEADQUARTERS,Location
Q130879,Q84,HEADQUARTERS,Location
Q4920477,Q4093,HEADQUARTERS,Location
Q111729690,Q23154,HEADQUARTERS,Location
Q28405615,Q84,HEADQUARTERS,Location
Q62060845,Q743535,HEADQUARTERS,Location
Q92559593,Q939838,HEADQUARTERS,Location
Q644144,Q2432955,HEADQUARTERS,Location
Q61727605,Q19773,HEADQUARTERS,Location
Q2295406,Q84,HEADQUARTERS,Location
Q6953815,Q7800825,HEADQUARTERS,Location
Q43261592,Q84,HEADQUARTERS,Location
Q7741165,Q2009813,HEADQUARTERS,Location
Q7741165, Q18125,HEADQUARTERS,Location
Q4916556,Q23436,HEADQUARTERS,Location
Q4947547,Q84,HEADQUARTERS,Location
Q111806237,Q19789,HEADQUARTERS,Location
Q6912573,Q84,HEADQUARTERS,Location
Q52136141,Q123709,HEADQUARTERS,Location
Q16888989,Q845623,HEADQUARTERS,Location
Q1193145,Q84,HEADQUARTERS,Location
Q42032478,Q202174,HEADQUARTERS,Location
Q100255652,Q84,HEADQUARTERS,Location
Q7982011,Q3403439,HEADQUARTERS,Location
Q6953368,Q547071,HEADQUARTERS,Location
Q19903669,Q84,HEADQUARTERS,Location
Q182399,Q279000,HEADQUARTERS,Location
Q5738027,Q204720,HEADQUARTERS,Location
Q541451,Q34647,HEADQUARTERS,Location
Q541451, Q84,HEADQUARTERS,Location
Q30292667,Q1987237,HEADQUARTERS,Location
Q4962678,Q919778,HEADQUARTERS,Location
Q7374416,Q84,HEADQUARTERS,Location
Q1684445,Q206988,HEADQUARTERS,Location
Q21178588,Q84,HEADQUARTERS,Location
Q97575593,Q84,HEADQUARTERS,Location
Q506160,Q84,HEADQUARTERS,Location
Q16927788,Q84,HEADQUARTERS,Location
Q16992671,Q216372,HEADQUARTERS,Location
Q106944869,Q84,HEADQUARTERS,Location
Q49772307,Q145,HEADQUARTERS,Location
Q3179178,Q4093,HEADQUARTERS,Location
Q1781081,Q83065,HEADQUARTERS,Location
Q18391914,Q4093,HEADQUARTERS,Location
Q1534597,Q34647,HEADQUARTERS,Location
Q7807560,Q990168,HEADQUARTERS,Location
Q65091280,Q19773,HEADQUARTERS,Location
Q1278337,Q288781,HEADQUARTERS,Location
Q5213855,Q84,HEADQUARTERS,Location
Q7767106,Q131491,HEADQUARTERS,Location
Q1571030,Q39121,HEADQUARTERS,Location
Q7696216,Q22905,HEADQUARTERS,Location
Q7835466,Q84,HEADQUARTERS,Location
Q29568422,Q84,HEADQUARTERS,Location
Q16984014,Q770599,HEADQUARTERS,Location
Q19604597,Q646225,HEADQUARTERS,Location
Q4956054,Q990253,HEADQUARTERS,Location
Q2390965,Q4093,HEADQUARTERS,Location
Q6860223,Q2095799,HEADQUARTERS,Location
Q50413661,Q775299,HEADQUARTERS,Location
Q2484080,Q24826,HEADQUARTERS,Location
Q4971114,Q172438,HEADQUARTERS,Location
Q19515735,Q213180,HEADQUARTERS,Location
Q29715620,Q1012490,HEADQUARTERS,Location
Q471958,Q23436,HEADQUARTERS,Location
Q3087263,Q546635,HEADQUARTERS,Location
Q852900,Q988100,HEADQUARTERS,Location
Q5570585,Q848912,HEADQUARTERS,Location
Q1324712,Q34006,HEADQUARTERS,Location
Q108909041,Q84,HEADQUARTERS,Location
Q3985843,Q10686,HEADQUARTERS,Location
Q7447600,Q84,HEADQUARTERS,Location
Q852650,Q18125,HEADQUARTERS,Location
Q20054057,Q84,HEADQUARTERS,Location
Q642707,Q2337085,HEADQUARTERS,Location
Q5646350,Q84,HEADQUARTERS,Location
Q12061509,Q1782657,HEADQUARTERS,Location
Q16835850,Q2110657,HEADQUARTERS,Location
Q30268714,Q238803,HEADQUARTERS,Location
Q111104103,Q84,HEADQUARTERS,Location
Q7592564,Q772614,HEADQUARTERS,Location
Q4821945,Q128147,HEADQUARTERS,Location
Q23461796,Q1004085,HEADQUARTERS,Location
Q782697,Q1070428,HEADQUARTERS,Location
Q86534930,Q84,HEADQUARTERS,Location
Q42851511,Q643160,HEADQUARTERS,Location
Q13218788,Q84,HEADQUARTERS,Location
Q107014436,Q10690,HEADQUARTERS,Location
Q106301190,Q5259129,HEADQUARTERS,Location
Q167016,Q39121,HEADQUARTERS,Location
Q39056416,Q2598,HEADQUARTERS,Location
Q28940614,Q84,HEADQUARTERS,Location
Q5204927,Q58900,HEADQUARTERS,Location
Q65043997,Q21683233,HEADQUARTERS,Location
Q56857508,Q989616,HEADQUARTERS,Location
Q56857508, Q251630,HEADQUARTERS,Location
Q56274010,Q504678,HEADQUARTERS,Location
Q18160039,Q23436,HEADQUARTERS,Location
Q721810,Q3405926,HEADQUARTERS,Location
Q56181263,Q134672,HEADQUARTERS,Location
Q4825974,Q84,HEADQUARTERS,Location
Q171337,Q991626,HEADQUARTERS,Location
Q7416148,Q34217,HEADQUARTERS,Location
Q1329485,Q84,HEADQUARTERS,Location
Q114244613,Q1425428,HEADQUARTERS,Location
Q30292805,Q1997321,HEADQUARTERS,Location
Q102397876,Q84,HEADQUARTERS,Location
Q931628,Q84,HEADQUARTERS,Location
Q5096233,Q84,HEADQUARTERS,Location
Q7455079,Q84,HEADQUARTERS,Location
Q6711808,Q3797631,HEADQUARTERS,Location
Q4732723,Q84,HEADQUARTERS,Location
Q2371991,Q4093,HEADQUARTERS,Location
Q5326080,Q1612134,HEADQUARTERS,Location
Q85761139,Q84,HEADQUARTERS,Location
Q543707,Q84,HEADQUARTERS,Location
Q28195267,Q585963,HEADQUARTERS,Location
Q68442095,Q4093,HEADQUARTERS,Location
Q70250954,Q188304,HEADQUARTERS,Location
Q114852232,Q23154,HEADQUARTERS,Location
Q739416,Q547071,HEADQUARTERS,Location
Q1470929,Q84,HEADQUARTERS,Location
Q5018052,Q84,HEADQUARTERS,Location
Q7115234,Q34217,HEADQUARTERS,Location
Q1668090,Q205632,HEADQUARTERS,Location
Q1668090, Q84,HEADQUARTERS,Location
Q106233887,Q84,HEADQUARTERS,Location
Q5643254,Q470188,HEADQUARTERS,Location
Q7822843,Q4093,HEADQUARTERS,Location
Q106335366,Q84,HEADQUARTERS,Location
Q7437637,Q23436,HEADQUARTERS,Location
Q85812515,Q84,HEADQUARTERS,Location
Q17001243,Q84,HEADQUARTERS,Location
Q2928110,Q84,HEADQUARTERS,Location
Q192632,Q84,HEADQUARTERS,Location
Q13575365,Q10690,HEADQUARTERS,Location
Q7394868,Q4093,HEADQUARTERS,Location
Q67180263,Q2020203,HEADQUARTERS,Location
Q829558,Q200942,HEADQUARTERS,Location
Q829558, Q2066,HEADQUARTERS,Location
Q502316,Q84,HEADQUARTERS,Location
Q19654739,Q2256,HEADQUARTERS,Location
Q76434901,Q84,HEADQUARTERS,Location
Q64767453,Q2256,HEADQUARTERS,Location
Q64767453, Q84,HEADQUARTERS,Location
Q81310726,Q84,HEADQUARTERS,Location
Q19420979,Q24826,HEADQUARTERS,Location
Q25108740,Q84,HEADQUARTERS,Location
Q2357706,Q84,HEADQUARTERS,Location
Q1105124,Q18787781,HEADQUARTERS,Location
Q1105124, Q84,HEADQUARTERS,Location
Q7413153,Q1018423,HEADQUARTERS,Location
Q17018973,Q845619,HEADQUARTERS,Location
Q16988659,Q23098,HEADQUARTERS,Location
Q3023123,Q123709,HEADQUARTERS,Location
Q105199742,Q814121,HEADQUARTERS,Location
Q110026754,Q84,HEADQUARTERS,Location
Q6392034,Q725261,HEADQUARTERS,Location
Q6944890,Q84,HEADQUARTERS,Location
Q84850636,Q84,HEADQUARTERS,Location
Q94737313,Q84,HEADQUARTERS,Location
Q1166056,Q1425428,HEADQUARTERS,Location
Q28406570,Q84,HEADQUARTERS,Location
Q7596650,Q826782,HEADQUARTERS,Location
Q7218427,Q84,HEADQUARTERS,Location
Q52152915,Q84,HEADQUARTERS,Location
Q7096609,Q39121,HEADQUARTERS,Location
Q311277,Q84,HEADQUARTERS,Location
Q5003258,Q971223,HEADQUARTERS,Location
Q107169285,Q84,HEADQUARTERS,Location
Q113621108,Q3965637,HEADQUARTERS,Location
Q113621108, Q23287,HEADQUARTERS,Location
Q29870161,Q206988,HEADQUARTERS,Location
Q42306824,Q845015,HEADQUARTERS,Location
Q160302,Q23436,HEADQUARTERS,Location
Q7333375,Q84,HEADQUARTERS,Location
Q5373539,Q84,HEADQUARTERS,Location
Q5353467,Q84,HEADQUARTERS,Location
Q2123676,Q597894,HEADQUARTERS,Location
Q7191215,Q84,HEADQUARTERS,Location
Q21006848,Q84,HEADQUARTERS,Location
Q113462210,Q844908,HEADQUARTERS,Location
Q7075640,Q19788,HEADQUARTERS,Location
Q4666881,Q145,HEADQUARTERS,Location
Q8057802,Q2166359,HEADQUARTERS,Location
Q7540657,Q2462661,HEADQUARTERS,Location
Q16994752,Q84,HEADQUARTERS,Location
Q4764749,Q203349,HEADQUARTERS,Location
Q7073885,Q172438,HEADQUARTERS,Location
Q109435482,Q946109,HEADQUARTERS,Location
Q1462745,Q84,HEADQUARTERS,Location
Q7918384,Q41262,HEADQUARTERS,Location
Q4763422,Q685640,HEADQUARTERS,Location
Q4683851,Q1854554,HEADQUARTERS,Location
Q111551390,Q84,HEADQUARTERS,Location
Q50008,Q84,HEADQUARTERS,Location
Q16952137,Q1027127,HEADQUARTERS,Location
Q7719162,Q84,HEADQUARTERS,Location
Q26643972,Q84,HEADQUARTERS,Location
Q2905595,Q192240,HEADQUARTERS,Location
Q1090880,Q84,HEADQUARTERS,Location
Q730587,Q491132,HEADQUARTERS,Location
Q730587, Q79848,HEADQUARTERS,Location
Q191551,Q8712,HEADQUARTERS,Location
Q17017872,Q84,HEADQUARTERS,Location
Q65089470,Q84,HEADQUARTERS,Location
Q547924,Q184775,HEADQUARTERS,Location
Q105358035,Q741400,HEADQUARTERS,Location
Q16855513,Q34217,HEADQUARTERS,Location
Q109038110,Q41262,HEADQUARTERS,Location
Q2647558,Q84,HEADQUARTERS,Location
Q52512660,Q161491,HEADQUARTERS,Location
Q1333399,Q83065,HEADQUARTERS,Location
Q17036182,Q508998,HEADQUARTERS,Location
Q16987251,Q161491,HEADQUARTERS,Location
Q714491,Q39121,HEADQUARTERS,Location
Q714491, Q84,HEADQUARTERS,Location
Q3042717,Q2193617,HEADQUARTERS,Location
Q5212723,Q84,HEADQUARTERS,Location
Q5519813,Q810196,HEADQUARTERS,Location
Q4879250,Q208257,HEADQUARTERS,Location
Q61707579,Q84,HEADQUARTERS,Location
Q7741518,Q990109,HEADQUARTERS,Location
Q7882404,Q84,HEADQUARTERS,Location
Q1136085,Q84,HEADQUARTERS,Location
Q7046090,Q84,HEADQUARTERS,Location
Q1123947,Q1384,HEADQUARTERS,Location
Q1123947, Q84,HEADQUARTERS,Location
Q5236716,Q19788,HEADQUARTERS,Location
Q110475904,Q170478,HEADQUARTERS,Location
Q5322942,Q19788,HEADQUARTERS,Location
Q5322942, Q84,HEADQUARTERS,Location
Q260230,Q184775,HEADQUARTERS,Location
Q5677754,Q145,HEADQUARTERS,Location
Q112478443,Q84,HEADQUARTERS,Location
Q67180169,Q13644933,HEADQUARTERS,Location
Q17019665,Q34217,HEADQUARTERS,Location
Q5928422,Q84,HEADQUARTERS,Location
Q16985599,Q16251481,GROUPED_IN,Group
Q491748,Q26788,GROUPED_IN,Group
Q246655,Q466496,GROUPED_IN,Group
Q138133,Q155718,GROUPED_IN,Group
Q138133, Q874430,GROUPED_IN,Group
Q138133, Q1230458,GROUPED_IN,Group
Q138133, Q6571804,GROUPED_IN,Group
Q17016943,Q16251481,GROUPED_IN,Group
Q1435702,Q466496,GROUPED_IN,Group
Q56292781,Q16251481,GROUPED_IN,Group
Q30596042,Q16251481,GROUPED_IN,Group
Q779252,Q466496,GROUPED_IN,Group
Q1374135,Q466496,GROUPED_IN,Group
Q19513101,Q814128,GROUPED_IN,Group
Q30254135,Q918396,GROUPED_IN,Group
Q30254135, Q16251481,GROUPED_IN,Group
Q17072915,Q375606,GROUPED_IN,Group
Q7417063,Q16251481,GROUPED_IN,Group
Q591090,Q466496,GROUPED_IN,Group
Q6516115,Q16251481,GROUPED_IN,Group
Q1089788,Q6423963,GROUPED_IN,Group
Q18390415,Q16251481,GROUPED_IN,Group
Q1190881,Q466496,GROUPED_IN,Group
Q5328781,Q16251481,GROUPED_IN,Group
Q7567852,Q16251481,GROUPED_IN,Group
Q998470,Q466496,GROUPED_IN,Group
Q80584711,Q29491754,GROUPED_IN,Group
Q6315697,Q466496,GROUPED_IN,Group
Q1364617,Q6063,GROUPED_IN,Group
Q56067459,Q4826768,GROUPED_IN,Group
Q95980316,Q2371017,GROUPED_IN,Group
Q95980316, Q74433811,GROUPED_IN,Group
Q3127437,Q466496,GROUPED_IN,Group
Q87766805,Q16251481,GROUPED_IN,Group
Q30293091,Q16251481,GROUPED_IN,Group
Q30254127,Q16251481,GROUPED_IN,Group
Q1471161,Q466496,GROUPED_IN,Group
Q1471161, Q489978,GROUPED_IN,Group
Q16858657,Q16251481,GROUPED_IN,Group
Q17061943,Q16251481,GROUPED_IN,Group
Q16989235,Q16251481,GROUPED_IN,Group
Q20712409,Q16251481,GROUPED_IN,Group
Q585150,Q466496,GROUPED_IN,Group
Q18356458,Q16251481,GROUPED_IN,Group
Q1336200,Q3374730,GROUPED_IN,Group
Q7985792,Q16251481,GROUPED_IN,Group
Q1044059,Q242345,GROUPED_IN,Group
Q1044059, Q466496,GROUPED_IN,Group
Q4867321,Q16251481,GROUPED_IN,Group
Q17032096,Q7435719,GROUPED_IN,Group
Q41171672,Q125054,GROUPED_IN,Group
Q5328698,Q16251481,GROUPED_IN,Group
Q8052494,Q16251481,GROUPED_IN,Group
Q5936029,Q16251481,GROUPED_IN,Group
Q16251963,Q16251481,GROUPED_IN,Group
Q18385634,Q16251481,GROUPED_IN,Group
Q502470,Q466496,GROUPED_IN,Group
Q821293,Q466496,GROUPED_IN,Group
Q821058,Q466496,GROUPED_IN,Group
Q19604604,Q16251481,GROUPED_IN,Group
Q683098,Q466496,GROUPED_IN,Group
Q683098, Q1969854,GROUPED_IN,Group
Q85789543,Q16251481,GROUPED_IN,Group
Q157062,Q291539,GROUPED_IN,Group
Q157062, Q466496,GROUPED_IN,Group
Q157062, Q981010,GROUPED_IN,Group
Q20979091,Q16251481,GROUPED_IN,Group
Q30288170,Q16251481,GROUPED_IN,Group
Q19597637,Q16251481,GROUPED_IN,Group
Q17028004,Q16251481,GROUPED_IN,Group
Q152057,Q466496,GROUPED_IN,Group
Q50379735,Q16251481,GROUPED_IN,Group
Q5890431,Q466496,GROUPED_IN,Group
Q5890431, Q1389790,GROUPED_IN,Group
Q55610419,Q16251481,GROUPED_IN,Group
Q17022705,Q16251481,GROUPED_IN,Group
Q7649464,Q16251481,GROUPED_IN,Group
Q30254136,Q16251481,GROUPED_IN,Group
Q278810,Q466496,GROUPED_IN,Group
Q1023876,Q242345,GROUPED_IN,Group
Q1142797,Q466496,GROUPED_IN,Group
Q17018808,Q16251481,GROUPED_IN,Group
Q87766783,Q16251481,GROUPED_IN,Group
Q791179,Q466496,GROUPED_IN,Group
Q16256108,Q17810791,GROUPED_IN,Group
Q3003175,Q466496,GROUPED_IN,Group
Q6483045,Q16251481,GROUPED_IN,Group
Q18391341,Q16251481,GROUPED_IN,Group
Q111589557,Q2089936,GROUPED_IN,Group
Q4836931,Q466496,GROUPED_IN,Group
Q245343,Q466496,GROUPED_IN,Group
Q17061956,Q16251481,GROUPED_IN,Group
Q5666409,Q16251481,GROUPED_IN,Group
Q18388097,Q16251481,GROUPED_IN,Group
Q14955152,Q3783997,GROUPED_IN,Group
Q259013,Q466496,GROUPED_IN,Group
Q30254137,Q16251481,GROUPED_IN,Group
Q17062049,Q16251481,GROUPED_IN,Group
Q731938,Q466496,GROUPED_IN,Group
Q17017305,Q16251481,GROUPED_IN,Group
Q17020308,Q16251481,GROUPED_IN,Group
Q919646,Q466496,GROUPED_IN,Group
Q5025595,Q16251481,GROUPED_IN,Group
Q17066359,Q16251481,GROUPED_IN,Group
Q26262665,Q6516152,GROUPED_IN,Group
Q18162383,Q16251481,GROUPED_IN,Group
Q25172222,Q16251481,GROUPED_IN,Group
Q17062119,Q16251481,GROUPED_IN,Group
Q16988175,Q16251481,GROUPED_IN,Group
Q643626,Q242345,GROUPED_IN,Group
Q7894770,Q16251481,GROUPED_IN,Group
Q30254133,Q16251481,GROUPED_IN,Group
Q55636718,Q16251481,GROUPED_IN,Group
Q229764,Q466496,GROUPED_IN,Group
Q4861025,Q16251481,GROUPED_IN,Group
Q30314935,Q16251481,GROUPED_IN,Group
Q16988978,Q16251481,GROUPED_IN,Group
Q19873658,Q16251481,GROUPED_IN,Group
Q17061407,Q16251481,GROUPED_IN,Group
Q17026799,Q16251481,GROUPED_IN,Group
Q50508098,Q16251481,GROUPED_IN,Group
Q30254134,Q16251481,GROUPED_IN,Group
Q7163438,Q16251481,GROUPED_IN,Group
Q122141,Q466496,GROUPED_IN,Group
Q122141, Q507306,GROUPED_IN,Group
Q110420515,Q16319025,GROUPED_IN,Group
Q17020997,Q16251481,GROUPED_IN,Group
Q17017208,Q16251481,GROUPED_IN,Group
Q17059007,Q16251481,GROUPED_IN,Group
Q17027712,Q16251481,GROUPED_IN,Group
Q16993504,Q16251481,GROUPED_IN,Group
Q16966284,Q16251481,GROUPED_IN,Group
Q17017461,Q16251481,GROUPED_IN,Group
Q16993973,Q16251481,GROUPED_IN,Group
Q739518,Q242345,GROUPED_IN,Group
Q5295525,Q16251481,GROUPED_IN,Group
Q5110676,Q16251481,GROUPED_IN,Group
Q16997646,Q16251481,GROUPED_IN,Group
Q7568618,Q16251481,GROUPED_IN,Group
Q9448,Q18559,GROUPED_IN,Group
Q4865798,Q16251481,GROUPED_IN,Group
Q746365,Q466496,GROUPED_IN,Group
Q699810,Q1389790,GROUPED_IN,Group
Q99964922,Q16251481,GROUPED_IN,Group
Q18389069,Q16251481,GROUPED_IN,Group
Q14956842,Q16251481,GROUPED_IN,Group
Q1662481,Q242345,GROUPED_IN,Group
Q593786,Q466496,GROUPED_IN,Group
Q680946,Q466496,GROUPED_IN,Group
Q16976147,Q16251481,GROUPED_IN,Group
Q16838155,Q16251481,GROUPED_IN,Group
Q1465461,Q466496,GROUPED_IN,Group
Q4698669,Q16251481,GROUPED_IN,Group
Q18343921,Q16251481,GROUPED_IN,Group
Q7593174,Q16251481,GROUPED_IN,Group
Q87752875,Q16251481,GROUPED_IN,Group
Q223429,Q109496493,GROUPED_IN,Group
Q856411,Q466496,GROUPED_IN,Group
Q16997720,Q16251481,GROUPED_IN,Group
Q16995139,Q16251481,GROUPED_IN,Group
Q18391352,Q16251481,GROUPED_IN,Group
Q190464,Q466496,GROUPED_IN,Group
Q37858682,Q5594144,GROUPED_IN,Group
Q7894780,Q16251481,GROUPED_IN,Group
Q773989,Q230899,GROUPED_IN,Group
Q7896557,Q27966197,GROUPED_IN,Group
Q1318049,Q466496,GROUPED_IN,Group
Q100297859,Q4986416,GROUPED_IN,Group
Q7970713,Q16251481,GROUPED_IN,Group
Q5452973,Q1198156,GROUPED_IN,Group
Q7186887,Q466496,GROUPED_IN,Group
Q19596240,Q16251481,GROUPED_IN,Group
Q19596564,Q16251481,GROUPED_IN,Group
Q7681169,Q16251481,GROUPED_IN,Group
Q18162105,Q16251481,GROUPED_IN,Group
Q1794466,Q6954197,GROUPED_IN,Group
Q1794466, Q16251481,GROUPED_IN,Group
Q17016212,Q16251481,GROUPED_IN,Group
Q17060399,Q16251481,GROUPED_IN,Group
Q5328979,Q16251481,GROUPED_IN,Group
Q16964314,Q16251481,GROUPED_IN,Group
Q16842671,Q16251481,GROUPED_IN,Group
Q212322,Q466496,GROUPED_IN,Group
Q99591723,Q26408978,GROUPED_IN,Group
Q548278,Q466496,GROUPED_IN,Group
Q42851474,Q16251481,GROUPED_IN,Group
Q922344,Q466496,GROUPED_IN,Group
Q11223506,Q106993071,GROUPED_IN,Group
Q16940041,Q16251481,GROUPED_IN,Group
Q6094327,Q208491,GROUPED_IN,Group
Q7492756,Q16251481,GROUPED_IN,Group
Q18387089,Q16251481,GROUPED_IN,Group
Q17019348,Q16251481,GROUPED_IN,Group
Q16953730,Q16251481,GROUPED_IN,Group
Q17032964,Q16251481,GROUPED_IN,Group
Q7568903,Q16251481,GROUPED_IN,Group
Q17016587,Q16251481,GROUPED_IN,Group
Q4829257,Q16251481,GROUPED_IN,Group
Q81654791,Q16251481,GROUPED_IN,Group
Q7057220,Q16251481,GROUPED_IN,Group
Q7374195,Q16251481,GROUPED_IN,Group
Q6413546,Q16251481,GROUPED_IN,Group
Q6807412,Q16251481,GROUPED_IN,Group
Q97623109,Q107715390,GROUPED_IN,Group
Q827927,Q466496,GROUPED_IN,Group
Q22907361,Q16251481,GROUPED_IN,Group
Q152096,Q466496,GROUPED_IN,Group
Q85781777,Q16251481,GROUPED_IN,Group
Q21061493,Q16251481,GROUPED_IN,Group
Q7894629,Q16251481,GROUPED_IN,Group
Q1470848,Q466496,GROUPED_IN,Group
Q5573225,Q466496,GROUPED_IN,Group
Q24299769,Q16251481,GROUPED_IN,Group
Q16952323,Q16251481,GROUPED_IN,Group
Q5222545,Q16251481,GROUPED_IN,Group
Q7373828,Q16251481,GROUPED_IN,Group
Q16966517,Q16251481,GROUPED_IN,Group
Q7567104,Q16251481,GROUPED_IN,Group
Q14956870,Q16251481,GROUPED_IN,Group
Q21592308,Q918396,GROUPED_IN,Group
Q21592308, Q16251481,GROUPED_IN,Group
Q905049,Q466496,GROUPED_IN,Group
Q230899,Q109496493,GROUPED_IN,Group
Q5329757,Q16251481,GROUPED_IN,Group
Q16988941,Q16251481,GROUPED_IN,Group
Q16996755,Q16251481,GROUPED_IN,Group
Q1101257,Q945334,GROUPED_IN,Group
Q21592499,Q16251481,GROUPED_IN,Group
Q16842267,Q16251481,GROUPED_IN,Group
Q17017470,Q16251481,GROUPED_IN,Group
Q80584632,Q29491755,GROUPED_IN,Group
Q16988718,Q16251481,GROUPED_IN,Group
Q638098,Q466496,GROUPED_IN,Group
Q1424962,Q466496,GROUPED_IN,Group
Q7492606,Q16251481,GROUPED_IN,Group
Q7894775,Q16251481,GROUPED_IN,Group
Q488048,Q26788,GROUPED_IN,Group
Q59537085,Q16251481,GROUPED_IN,Group
Q502509,Q466496,GROUPED_IN,Group
Q502509, Q1969854,GROUPED_IN,Group
Q21189883,Q242345,GROUPED_IN,Group
Q19596791,Q16251481,GROUPED_IN,Group
Q4641104,Q16251481,GROUPED_IN,Group
Q5280285,Q466496,GROUPED_IN,Group
Q16846490,Q16251481,GROUPED_IN,Group
Q847869,Q466496,GROUPED_IN,Group
Q16989248,Q16251481,GROUPED_IN,Group
Q7054285,Q16251481,GROUPED_IN,Group
Q7985932,Q16251481,GROUPED_IN,Group
Q5600196,Q16251481,GROUPED_IN,Group
Q16989274,Q16251481,GROUPED_IN,Group
Q16960866,Q16251481,GROUPED_IN,Group
Q674773,Q7433571,GROUPED_IN,Group
Q7404787,Q16251481,GROUPED_IN,Group
Q1051613,Q945334,GROUPED_IN,Group
Q30265289,Q16251481,GROUPED_IN,Group
Q21061842,Q16251481,GROUPED_IN,Group
Q16993309,Q16251481,GROUPED_IN,Group
Q16939051,Q16251481,GROUPED_IN,Group
Q7244520,Q16251481,GROUPED_IN,Group
Q1931458,Q466496,GROUPED_IN,Group
Q17022713,Q16251481,GROUPED_IN,Group
Q22906381,Q16251481,GROUPED_IN,Group
Q22907349,Q16251481,GROUPED_IN,Group
Q16961392,Q16251481,GROUPED_IN,Group
Q17533926,Q7895621,GROUPED_IN,Group
Q16851015,Q16251481,GROUPED_IN,Group
Q16969403,Q16251481,GROUPED_IN,Group
Q17062715,Q16251481,GROUPED_IN,Group
Q7761706,Q16251481,GROUPED_IN,Group
Q164641,Q16251481,GROUPED_IN,Group
Q7694520,Q16251481,GROUPED_IN,Group
Q4892263,Q16251481,GROUPED_IN,Group
Q15991728,Q27083020,GROUPED_IN,Group
Q16954842,Q16251481,GROUPED_IN,Group
Q16967369,Q16251481,GROUPED_IN,Group
Q16989990,Q16251481,GROUPED_IN,Group
Q16975898,Q16251481,GROUPED_IN,Group
Q7739691,Q16251481,GROUPED_IN,Group
Q39087594,Q16251481,GROUPED_IN,Group
Q18636348,Q171240,GROUPED_IN,Group
Q6108019,Q466496,GROUPED_IN,Group
Q14956770,Q16251481,GROUPED_IN,Group
Q16258059,Q16251481,GROUPED_IN,Group
Q8026998,Q16251481,GROUPED_IN,Group
Q161140,Q466496,GROUPED_IN,Group
Q16245411,Q16251481,GROUPED_IN,Group
Q17040140,Q16251481,GROUPED_IN,Group
Q17018025,Q16251481,GROUPED_IN,Group
Q80702304,Q16251481,GROUPED_IN,Group
Q8055673,Q16251481,GROUPED_IN,Group
Q487494,Q466496,GROUPED_IN,Group
Q30293403,Q16251481,GROUPED_IN,Group
Q87760958,Q16251481,GROUPED_IN,Group
Q30324333,Q242345,GROUPED_IN,Group
Q17021629,Q16251481,GROUPED_IN,Group
Q17017289,Q16251481,GROUPED_IN,Group
Q16963841,Q16251481,GROUPED_IN,Group
Q16851000,Q16251481,GROUPED_IN,Group
Q16996252,Q16251481,GROUPED_IN,Group
Q72592238,Q16251481,GROUPED_IN,Group
Q16995620,Q16251481,GROUPED_IN,Group
Q17016984,Q16251481,GROUPED_IN,Group
Q5890379,Q16251481,GROUPED_IN,Group
Q7404388,Q16251481,GROUPED_IN,Group
Q7404388, Q87764345,GROUPED_IN,Group
Q80477373,Q26508768,GROUPED_IN,Group
Q7569543,Q16251481,GROUPED_IN,Group
Q154950,Q291539,GROUPED_IN,Group
Q154950, Q466496,GROUPED_IN,Group
Q11974287,Q918151,GROUPED_IN,Group
Q16983721,Q16251481,GROUPED_IN,Group
Q16842299,Q16251481,GROUPED_IN,Group
Q493854,Q466496,GROUPED_IN,Group
Q7313261,Q466496,GROUPED_IN,Group
Q18391336,Q16251481,GROUPED_IN,Group
Q17020966,Q16251481,GROUPED_IN,Group
Q2295406,Q466496,GROUPED_IN,Group
Q506160,Q466496,GROUPED_IN,Group
Q16992671,Q16251481,GROUPED_IN,Group
Q7981848,Q6954180,GROUPED_IN,Group
Q74433811,Q2371017,GROUPED_IN,Group
Q16997207,Q16251481,GROUPED_IN,Group
Q1028334,Q35794,GROUPED_IN,Group
Q7063709,Q16251481,GROUPED_IN,Group
Q16953340,Q16251481,GROUPED_IN,Group
Q782697,Q466496,GROUPED_IN,Group
Q16998837,Q16251481,GROUPED_IN,Group
Q16890251,Q16251481,GROUPED_IN,Group
Q7115677,Q16251481,GROUPED_IN,Group
Q85802329,Q16251481,GROUPED_IN,Group
Q17040894,Q16251481,GROUPED_IN,Group
Q23646439,Q27083271,GROUPED_IN,Group
Q16966028,Q16251481,GROUPED_IN,Group
Q30292805,Q16251481,GROUPED_IN,Group
Q30254131,Q16251481,GROUPED_IN,Group
Q739416,Q466496,GROUPED_IN,Group
Q5643254,Q466496,GROUPED_IN,Group
Q16988659,Q16251481,GROUPED_IN,Group
Q17020076,Q16251481,GROUPED_IN,Group
Q7566742,Q16251481,GROUPED_IN,Group
Q17033893,Q16251481,GROUPED_IN,Group
Q7051138,Q16251481,GROUPED_IN,Group
Q7075640,Q466496,GROUPED_IN,Group
Q50376943,Q16251481,GROUPED_IN,Group
Q16937150,Q16251481,GROUPED_IN,Group
Q19597771,Q16251481,GROUPED_IN,Group
Q191551,Q466496,GROUPED_IN,Group
Q6658631,Q16251481,GROUPED_IN,Group
Q1333399,Q109496493,GROUPED_IN,Group
Q714491,Q466496,GROUPED_IN,Group
Q3042717,Q27966197,GROUPED_IN,Group
Q17020120,Q16251481,GROUPED_IN,Group
Q1136085,Q466496,GROUPED_IN,Group
Q16845703,Q16251481,GROUPED_IN,Group
Q110147122,Q145,RESIDES_IN,Location
Q80857633,Q145,RESIDES_IN,Location
Q99592031,Q145,RESIDES_IN,Location
Q26573669,Q145,RESIDES_IN,Location
Q83559035,Q145,RESIDES_IN,Location
Q746639,Q145,RESIDES_IN,Location
Q80857960,Q145,RESIDES_IN,Location
Q16985599,Q145,RESIDES_IN,Location
Q80857005,Q145,RESIDES_IN,Location
Q608845,Q145,RESIDES_IN,Location
Q113814967,Q145,RESIDES_IN,Location
Q26567998,Q145,RESIDES_IN,Location
Q7557166,Q145,RESIDES_IN,Location
Q26625265,Q145,RESIDES_IN,Location
Q80859652,Q145,RESIDES_IN,Location
Q80856175,Q145,RESIDES_IN,Location
Q80859329,Q145,RESIDES_IN,Location
Q99592370,Q145,RESIDES_IN,Location
Q80855144,Q145,RESIDES_IN,Location
Q26634008,Q145,RESIDES_IN,Location
Q26474603,Q145,RESIDES_IN,Location
Q61915938,Q145,RESIDES_IN,Location
Q80476954,Q145,RESIDES_IN,Location
Q17534109,Q145,RESIDES_IN,Location
Q20872953,Q145,RESIDES_IN,Location
Q99592713,Q145,RESIDES_IN,Location
Q26622954,Q145,RESIDES_IN,Location
Q79684439,Q145,RESIDES_IN,Location
Q3277439,Q145,RESIDES_IN,Location
Q26498787,Q145,RESIDES_IN,Location
Q13129402,Q145,RESIDES_IN,Location
Q26489797,Q145,RESIDES_IN,Location
Q26282380,Q145,RESIDES_IN,Location
Q80584766,Q145,RESIDES_IN,Location
Q26470653,Q145,RESIDES_IN,Location
Q683146,Q334,RESIDES_IN,Location
Q44941890,Q145,RESIDES_IN,Location
Q546976,Q145,RESIDES_IN,Location
Q80582971,Q145,RESIDES_IN,Location
Q108280947,Q145,RESIDES_IN,Location
Q26300900,Q145,RESIDES_IN,Location
Q26585569,Q145,RESIDES_IN,Location
Q80856060,Q145,RESIDES_IN,Location
Q29489822,Q145,RESIDES_IN,Location
Q80584686,Q145,RESIDES_IN,Location
Q26490649,Q145,RESIDES_IN,Location
Q7810460,Q145,RESIDES_IN,Location
Q1420500,Q145,RESIDES_IN,Location
Q26644210,Q145,RESIDES_IN,Location
Q80585087,Q145,RESIDES_IN,Location
Q80476938,Q145,RESIDES_IN,Location
Q26623392,Q145,RESIDES_IN,Location
Q79684397,Q145,RESIDES_IN,Location
Q26316777,Q145,RESIDES_IN,Location
Q80855631,Q145,RESIDES_IN,Location
Q51824364,Q145,RESIDES_IN,Location
Q26674732,Q145,RESIDES_IN,Location
Q26527305,Q145,RESIDES_IN,Location
Q7679879,Q145,RESIDES_IN,Location
Q17836275,Q145,RESIDES_IN,Location
Q26549666,Q145,RESIDES_IN,Location
Q99591912,Q145,RESIDES_IN,Location
Q80855434,Q145,RESIDES_IN,Location
Q80584626,Q145,RESIDES_IN,Location
Q59770929,Q145,RESIDES_IN,Location
Q80584158,Q145,RESIDES_IN,Location
Q80582776,Q145,RESIDES_IN,Location
Q8766,Q145,RESIDES_IN,Location
Q80585462,Q145,RESIDES_IN,Location
Q80582488,Q145,RESIDES_IN,Location
Q80585356,Q145,RESIDES_IN,Location
Q61875589,Q145,RESIDES_IN,Location
Q80859231,Q145,RESIDES_IN,Location
Q26673173,Q145,RESIDES_IN,Location
Q17462864,Q145,RESIDES_IN,Location
Q80584559,Q145,RESIDES_IN,Location
Q26297974,Q145,RESIDES_IN,Location
Q80584107,Q145,RESIDES_IN,Location
Q106675801,Q145,RESIDES_IN,Location
Q5416645,Q145,RESIDES_IN,Location
Q88917067,Q145,RESIDES_IN,Location
Q79684774,Q145,RESIDES_IN,Location
Q7994069,Q145,RESIDES_IN,Location
Q106313219,Q145,RESIDES_IN,Location
Q7756670,Q145,RESIDES_IN,Location
Q12019314,Q145,RESIDES_IN,Location
Q108907377,Q145,RESIDES_IN,Location
Q28406125,Q145,RESIDES_IN,Location
Q26579929,Q145,RESIDES_IN,Location
Q80858807,Q145,RESIDES_IN,Location
Q80584507,Q145,RESIDES_IN,Location
Q5315048,Q145,RESIDES_IN,Location
Q80856043,Q145,RESIDES_IN,Location
Q7767101,Q145,RESIDES_IN,Location
Q26388513,Q145,RESIDES_IN,Location
Q80584093,Q145,RESIDES_IN,Location
Q80585339,Q145,RESIDES_IN,Location
Q6677525,Q174193,RESIDES_IN,Location
Q26396116,Q145,RESIDES_IN,Location
Q80583686,Q145,RESIDES_IN,Location
Q26408280,Q145,RESIDES_IN,Location
Q99593159,Q145,RESIDES_IN,Location
Q99592589,Q145,RESIDES_IN,Location
Q26443692,Q145,RESIDES_IN,Location
Q80857803,Q145,RESIDES_IN,Location
Q26306461,Q145,RESIDES_IN,Location
Q79466044,Q145,RESIDES_IN,Location
Q26504797,Q145,RESIDES_IN,Location
Q26286134,Q145,RESIDES_IN,Location
Q56260849,Q145,RESIDES_IN,Location
Q79684066,Q145,RESIDES_IN,Location
Q5424713,Q145,RESIDES_IN,Location
Q61787600,Q145,RESIDES_IN,Location
Q5295498,Q145,RESIDES_IN,Location
Q6115814,Q145,RESIDES_IN,Location
Q7373980,Q145,RESIDES_IN,Location
Q80858978,Q145,RESIDES_IN,Location
Q80477350,Q145,RESIDES_IN,Location
Q4018906,Q145,RESIDES_IN,Location
Q104845515,Q145,RESIDES_IN,Location
Q80578169,Q145,RESIDES_IN,Location
Q9531,Q145,RESIDES_IN,Location
Q7734240,Q145,RESIDES_IN,Location
Q4810083,Q145,RESIDES_IN,Location
Q26317602,Q145,RESIDES_IN,Location
Q80858481,Q145,RESIDES_IN,Location
Q16927770,Q145,RESIDES_IN,Location
Q26406127,Q145,RESIDES_IN,Location
Q18712468,Q145,RESIDES_IN,Location
Q1256028,Q145,RESIDES_IN,Location
Q80477347,Q145,RESIDES_IN,Location
Q5635820,Q145,RESIDES_IN,Location
Q99593007,Q145,RESIDES_IN,Location
Q26510146,Q145,RESIDES_IN,Location
Q17546576,Q145,RESIDES_IN,Location
Q26599915,Q145,RESIDES_IN,Location
Q80857331,Q145,RESIDES_IN,Location
Q80855414,Q145,RESIDES_IN,Location
Q18708780,Q145,RESIDES_IN,Location
Q80583271,Q145,RESIDES_IN,Location
Q3343226,Q145,RESIDES_IN,Location
Q61923993,Q145,RESIDES_IN,Location
Q79684349,Q145,RESIDES_IN,Location
Q26487174,Q145,RESIDES_IN,Location
Q26385268,Q145,RESIDES_IN,Location
Q17103499,Q954,RESIDES_IN,Location
Q26397931,Q145,RESIDES_IN,Location
Q7271329,Q145,RESIDES_IN,Location
Q80858640,Q145,RESIDES_IN,Location
Q1164410,Q145,RESIDES_IN,Location
Q7017256,Q145,RESIDES_IN,Location
Q99592857,Q145,RESIDES_IN,Location
Q80854872,Q145,RESIDES_IN,Location
Q88915742,Q145,RESIDES_IN,Location
Q3355196,Q145,RESIDES_IN,Location
Q1654122,Q145,RESIDES_IN,Location
Q80476561,Q145,RESIDES_IN,Location
Q19873574,Q145,RESIDES_IN,Location
Q7454826,Q145,RESIDES_IN,Location
Q26309973,Q145,RESIDES_IN,Location
Q24083629,Q145,RESIDES_IN,Location
Q17533501,Q145,RESIDES_IN,Location
Q99593034,Q145,RESIDES_IN,Location
Q80581768,Q145,RESIDES_IN,Location
Q26415212,Q145,RESIDES_IN,Location
Q5501160,Q145,RESIDES_IN,Location
Q80855224,Q145,RESIDES_IN,Location
Q611508,Q145,RESIDES_IN,Location
Q511108,Q145,RESIDES_IN,Location
Q29481813,Q145,RESIDES_IN,Location
Q491748,Q145,RESIDES_IN,Location
Q26532701,Q145,RESIDES_IN,Location
Q80584862,Q145,RESIDES_IN,Location
Q246655,Q145,RESIDES_IN,Location
Q511988,Q145,RESIDES_IN,Location
Q26453474,Q145,RESIDES_IN,Location
Q26637128,Q145,RESIDES_IN,Location
Q88916425,Q145,RESIDES_IN,Location
Q80476423,Q145,RESIDES_IN,Location
Q80584384,Q145,RESIDES_IN,Location
Q18346946,Q145,RESIDES_IN,Location
Q100143091,Q145,RESIDES_IN,Location
Q80582753,Q145,RESIDES_IN,Location
Q98168926,Q145,RESIDES_IN,Location
Q26625112,Q145,RESIDES_IN,Location
Q29486607,Q145,RESIDES_IN,Location
Q81047924,Q145,RESIDES_IN,Location
Q26389005,Q145,RESIDES_IN,Location
Q26317813,Q145,RESIDES_IN,Location
Q17017989,Q145,RESIDES_IN,Location
Q79684586,Q145,RESIDES_IN,Location
Q15991477,Q145,RESIDES_IN,Location
Q4923333,Q145,RESIDES_IN,Location
Q83559027,Q145,RESIDES_IN,Location
Q26295229,Q145,RESIDES_IN,Location
Q6824499,Q145,RESIDES_IN,Location
Q692179,Q38,RESIDES_IN,Location
Q80583437,Q145,RESIDES_IN,Location
Q80856211,Q145,RESIDES_IN,Location
Q6391973,Q145,RESIDES_IN,Location
Q16994177,Q145,RESIDES_IN,Location
Q99592999,Q145,RESIDES_IN,Location
Q17361851,Q145,RESIDES_IN,Location
Q1238400,Q145,RESIDES_IN,Location
Q17545912,Q145,RESIDES_IN,Location
Q80857283,Q145,RESIDES_IN,Location
Q138133,Q148,RESIDES_IN,Location
Q7535476,Q145,RESIDES_IN,Location
Q80583681,Q145,RESIDES_IN,Location
Q16995438,Q145,RESIDES_IN,Location
Q26446359,Q145,RESIDES_IN,Location
Q16949748,Q145,RESIDES_IN,Location
Q26272541,Q145,RESIDES_IN,Location
Q26487633,Q145,RESIDES_IN,Location
Q1934568,Q145,RESIDES_IN,Location
Q26495037,Q145,RESIDES_IN,Location
Q26575792,Q145,RESIDES_IN,Location
Q17005953,Q145,RESIDES_IN,Location
Q5228057,Q145,RESIDES_IN,Location
Q113069937,Q145,RESIDES_IN,Location
Q26433133,Q145,RESIDES_IN,Location
Q80859151,Q145,RESIDES_IN,Location
Q80858128,Q145,RESIDES_IN,Location
Q1432506,Q145,RESIDES_IN,Location
Q26633525,Q145,RESIDES_IN,Location
Q80585055,Q145,RESIDES_IN,Location
Q26653403,Q145,RESIDES_IN,Location
Q26418350,Q145,RESIDES_IN,Location
Q26644847,Q145,RESIDES_IN,Location
Q26409254,Q145,RESIDES_IN,Location
Q26580709,Q145,RESIDES_IN,Location
Q29489991,Q145,RESIDES_IN,Location
Q17016943,Q145,RESIDES_IN,Location
Q79684747,Q145,RESIDES_IN,Location
Q7248581,Q145,RESIDES_IN,Location
Q5888229,Q145,RESIDES_IN,Location
Q26673504,Q145,RESIDES_IN,Location
Q113576555,Q145,RESIDES_IN,Location
Q80854877,Q145,RESIDES_IN,Location
Q25936435,Q145,RESIDES_IN,Location
Q26497938,Q145,RESIDES_IN,Location
Q26516094,Q145,RESIDES_IN,Location
Q79684712,Q145,RESIDES_IN,Location
Q26584857,Q145,RESIDES_IN,Location
Q1435702,Q145,RESIDES_IN,Location
Q88916756,Q145,RESIDES_IN,Location
Q80577862,Q145,RESIDES_IN,Location
Q15979009,Q145,RESIDES_IN,Location
Q26503451,Q145,RESIDES_IN,Location
Q26461272,Q145,RESIDES_IN,Location
Q99592320,Q145,RESIDES_IN,Location
Q80581821,Q145,RESIDES_IN,Location
Q26621475,Q145,RESIDES_IN,Location
Q26486491,Q145,RESIDES_IN,Location
Q99592193,Q145,RESIDES_IN,Location
Q7096097,Q408,RESIDES_IN,Location
Q97453277,Q145,RESIDES_IN,Location
Q6704924,Q145,RESIDES_IN,Location
Q80857585,Q145,RESIDES_IN,Location
Q26633434,Q145,RESIDES_IN,Location
Q99591751,Q145,RESIDES_IN,Location
Q17549586,Q145,RESIDES_IN,Location
Q26498725,Q145,RESIDES_IN,Location
Q7115375,Q145,RESIDES_IN,Location
Q26485767,Q145,RESIDES_IN,Location
Q109451804,Q145,RESIDES_IN,Location
Q4892592,Q145,RESIDES_IN,Location
Q80857852,Q145,RESIDES_IN,Location
Q80904698,Q145,RESIDES_IN,Location
Q80584261,Q145,RESIDES_IN,Location
Q80856292,Q145,RESIDES_IN,Location
Q26571971,Q145,RESIDES_IN,Location
Q18636381,Q145,RESIDES_IN,Location
Q80581977,Q145,RESIDES_IN,Location
Q80583694,Q145,RESIDES_IN,Location
Q80583068,Q145,RESIDES_IN,Location
Q26567439,Q145,RESIDES_IN,Location
Q26289079,Q145,RESIDES_IN,Location
Q98544768,Q145,RESIDES_IN,Location
Q79683783,Q145,RESIDES_IN,Location
Q88916034,Q145,RESIDES_IN,Location
Q61875631,Q145,RESIDES_IN,Location
Q80857146,Q145,RESIDES_IN,Location
Q99592869,Q145,RESIDES_IN,Location
Q26548702,Q145,RESIDES_IN,Location
Q80856899,Q145,RESIDES_IN,Location
Q27082427,Q145,RESIDES_IN,Location
Q5443673,Q145,RESIDES_IN,Location
Q26602348,Q145,RESIDES_IN,Location
Q18160160,Q145,RESIDES_IN,Location
Q1142995,Q142,RESIDES_IN,Location
Q80583941,Q145,RESIDES_IN,Location
Q114826765,Q145,RESIDES_IN,Location
Q26652709,Q145,RESIDES_IN,Location
Q99593031,Q145,RESIDES_IN,Location
Q2670328,Q145,RESIDES_IN,Location
Q26666761,Q145,RESIDES_IN,Location
Q99592830,Q145,RESIDES_IN,Location
Q29501895,Q145,RESIDES_IN,Location
Q26508820,Q145,RESIDES_IN,Location
Q80578411,Q145,RESIDES_IN,Location
Q80583010,Q145,RESIDES_IN,Location
Q61862576,Q145,RESIDES_IN,Location
Q29483284,Q145,RESIDES_IN,Location
Q26350046,Q145,RESIDES_IN,Location
Q26546217,Q145,RESIDES_IN,Location
Q80583217,Q145,RESIDES_IN,Location
Q26644737,Q145,RESIDES_IN,Location
Q675808,Q145,RESIDES_IN,Location
Q26491776,Q145,RESIDES_IN,Location
Q6100964,Q145,RESIDES_IN,Location
Q3398786,Q145,RESIDES_IN,Location
Q56292781,Q145,RESIDES_IN,Location
Q88917010,Q145,RESIDES_IN,Location
Q5574882,Q145,RESIDES_IN,Location
Q26434105,Q145,RESIDES_IN,Location
Q99592851,Q145,RESIDES_IN,Location
Q6899359,Q145,RESIDES_IN,Location
Q26587490,Q145,RESIDES_IN,Location
Q80578136,Q145,RESIDES_IN,Location
Q30596042,Q145,RESIDES_IN,Location
Q6192383,Q145,RESIDES_IN,Location
Q29378759,Q145,RESIDES_IN,Location
Q80858029,Q145,RESIDES_IN,Location
Q85781784,Q145,RESIDES_IN,Location
Q16250791,Q145,RESIDES_IN,Location
Q779252,Q145,RESIDES_IN,Location
Q18160134,Q145,RESIDES_IN,Location
Q26328295,Q145,RESIDES_IN,Location
Q29487181,Q145,RESIDES_IN,Location
Q99592974,Q145,RESIDES_IN,Location
Q26650308,Q145,RESIDES_IN,Location
Q6112633,Q145,RESIDES_IN,Location
Q80857701,Q145,RESIDES_IN,Location
Q26312088,Q145,RESIDES_IN,Location
Q80584188,Q145,RESIDES_IN,Location
Q80857359,Q145,RESIDES_IN,Location
Q80582395,Q145,RESIDES_IN,Location
Q26396178,Q145,RESIDES_IN,Location
Q5118192,Q145,RESIDES_IN,Location
Q88917340,Q145,RESIDES_IN,Location
Q80584739,Q145,RESIDES_IN,Location
Q80856556,Q145,RESIDES_IN,Location
Q79684421,Q145,RESIDES_IN,Location
Q80582496,Q145,RESIDES_IN,Location
Q26463016,Q145,RESIDES_IN,Location
Q26542255,Q145,RESIDES_IN,Location
Q88917387,Q145,RESIDES_IN,Location
Q70628517,Q145,RESIDES_IN,Location
Q99593165,Q145,RESIDES_IN,Location
Q1665181,Q145,RESIDES_IN,Location
Q26618191,Q145,RESIDES_IN,Location
Q79461668,Q145,RESIDES_IN,Location
Q29485506,Q145,RESIDES_IN,Location
Q5284447,Q145,RESIDES_IN,Location
Q108866078,Q145,RESIDES_IN,Location
Q99592564,Q145,RESIDES_IN,Location
Q80582491,Q145,RESIDES_IN,Location
Q30346525,Q145,RESIDES_IN,Location
Q105106325,Q145,RESIDES_IN,Location
Q106689581,Q145,RESIDES_IN,Location
Q26636217,Q145,RESIDES_IN,Location
Q35935,Q145,RESIDES_IN,Location
Q99593258,Q145,RESIDES_IN,Location
Q80856998,Q145,RESIDES_IN,Location
Q26509537,Q145,RESIDES_IN,Location
Q88917336,Q145,RESIDES_IN,Location
Q109327213,Q145,RESIDES_IN,Location
Q29481920,Q145,RESIDES_IN,Location
Q85765904,Q145,RESIDES_IN,Location
Q108565198,Q145,RESIDES_IN,Location
Q99592866,Q145,RESIDES_IN,Location
Q26598962,Q145,RESIDES_IN,Location
Q1374135,Q145,RESIDES_IN,Location
Q5108598,Q145,RESIDES_IN,Location
Q457987,Q145,RESIDES_IN,Location
Q39047441,Q145,RESIDES_IN,Location
Q80585293,Q145,RESIDES_IN,Location
Q65089884,Q8646,RESIDES_IN,Location
Q27067400,Q145,RESIDES_IN,Location
Q80858799,Q145,RESIDES_IN,Location
Q80859084,Q145,RESIDES_IN,Location
Q54001625,Q145,RESIDES_IN,Location
Q26293415,Q145,RESIDES_IN,Location
Q80856700,Q145,RESIDES_IN,Location
Q99593086,Q145,RESIDES_IN,Location
Q26447315,Q145,RESIDES_IN,Location
Q80859493,Q145,RESIDES_IN,Location
Q99592016,Q145,RESIDES_IN,Location
Q79684612,Q145,RESIDES_IN,Location
Q61890520,Q145,RESIDES_IN,Location
Q100298902,Q145,RESIDES_IN,Location
Q79683912,Q145,RESIDES_IN,Location
Q99591891,Q145,RESIDES_IN,Location
Q61866053,Q145,RESIDES_IN,Location
Q80584015,Q145,RESIDES_IN,Location
Q26291386,Q145,RESIDES_IN,Location
Q26380811,Q145,RESIDES_IN,Location
Q29500728,Q145,RESIDES_IN,Location
Q83558692,Q145,RESIDES_IN,Location
Q26374818,Q145,RESIDES_IN,Location
Q26508386,Q145,RESIDES_IN,Location
Q1783815,Q145,RESIDES_IN,Location
Q26549109,Q145,RESIDES_IN,Location
Q19513101,Q145,RESIDES_IN,Location
Q26315833,Q145,RESIDES_IN,Location
Q26350649,Q145,RESIDES_IN,Location
Q26535935,Q145,RESIDES_IN,Location
Q26305155,Q145,RESIDES_IN,Location
Q80477261,Q145,RESIDES_IN,Location
Q99592471,Q145,RESIDES_IN,Location
Q28793025,Q145,RESIDES_IN,Location
Q26452313,Q145,RESIDES_IN,Location
Q746413,Q96,RESIDES_IN,Location
Q80856354,Q145,RESIDES_IN,Location
Q99592167,Q145,RESIDES_IN,Location
Q79683924,Q145,RESIDES_IN,Location
Q80582420,Q145,RESIDES_IN,Location
Q80577787,Q145,RESIDES_IN,Location
Q18636704,Q145,RESIDES_IN,Location
Q42566336,Q145,RESIDES_IN,Location
Q79461633,Q145,RESIDES_IN,Location
Q80581750,Q145,RESIDES_IN,Location
Q7538912,Q145,RESIDES_IN,Location
Q80857343,Q145,RESIDES_IN,Location
Q80578281,Q145,RESIDES_IN,Location
Q80476991,Q145,RESIDES_IN,Location
Q30254135,Q145,RESIDES_IN,Location
Q5360096,Q145,RESIDES_IN,Location
Q26469258,Q145,RESIDES_IN,Location
Q28777988,Q145,RESIDES_IN,Location
Q77308970,Q145,RESIDES_IN,Location
Q80581596,Q145,RESIDES_IN,Location
Q80856815,Q145,RESIDES_IN,Location
Q7939294,Q145,RESIDES_IN,Location
Q6806391,Q145,RESIDES_IN,Location
Q80857115,Q145,RESIDES_IN,Location
Q1918981,Q145,RESIDES_IN,Location
Q27224,Q145,RESIDES_IN,Location
Q88916803,Q145,RESIDES_IN,Location
Q79683988,Q145,RESIDES_IN,Location
Q80859342,Q145,RESIDES_IN,Location
Q15978995,Q145,RESIDES_IN,Location
Q17361872,Q145,RESIDES_IN,Location
Q26614865,Q145,RESIDES_IN,Location
Q26517448,Q145,RESIDES_IN,Location
Q478756,Q145,RESIDES_IN,Location
Q88917723,Q145,RESIDES_IN,Location
Q26666393,Q145,RESIDES_IN,Location
Q80857495,Q145,RESIDES_IN,Location
Q7435719,Q145,RESIDES_IN,Location
Q80855738,Q145,RESIDES_IN,Location
Q99591855,Q145,RESIDES_IN,Location
Q61915883,Q145,RESIDES_IN,Location
Q80855830,Q145,RESIDES_IN,Location
Q80582519,Q145,RESIDES_IN,Location
Q104656618,Q145,RESIDES_IN,Location
Q7775853,Q145,RESIDES_IN,Location
Q7300763,Q145,RESIDES_IN,Location
Q17072915,Q145,RESIDES_IN,Location
Q26398139,Q145,RESIDES_IN,Location
Q26293851,Q145,RESIDES_IN,Location
Q80857989,Q145,RESIDES_IN,Location
Q26638946,Q145,RESIDES_IN,Location
Q6670818,Q145,RESIDES_IN,Location
Q99591875,Q145,RESIDES_IN,Location
Q26489064,Q145,RESIDES_IN,Location
Q3446028,Q145,RESIDES_IN,Location
Q80855425,Q145,RESIDES_IN,Location
Q80476196,Q145,RESIDES_IN,Location
Q26441710,Q145,RESIDES_IN,Location
Q99197486,Q145,RESIDES_IN,Location
Q7417063,Q145,RESIDES_IN,Location
Q26484378,Q145,RESIDES_IN,Location
Q80477267,Q145,RESIDES_IN,Location
Q99592557,Q145,RESIDES_IN,Location
Q70628318,Q145,RESIDES_IN,Location
Q79684575,Q145,RESIDES_IN,Location
Q79684458,Q145,RESIDES_IN,Location
Q26534218,Q145,RESIDES_IN,Location
Q26551265,Q145,RESIDES_IN,Location
Q79684704,Q145,RESIDES_IN,Location
Q591090,Q145,RESIDES_IN,Location
Q6516115,Q145,RESIDES_IN,Location
Q80583155,Q145,RESIDES_IN,Location
Q26320831,Q145,RESIDES_IN,Location
Q4689011,Q145,RESIDES_IN,Location
Q100371924,Q145,RESIDES_IN,Location
Q88916698,Q145,RESIDES_IN,Location
Q80581818,Q145,RESIDES_IN,Location
Q80583759,Q145,RESIDES_IN,Location
Q1089788,Q145,RESIDES_IN,Location
Q81047896,Q145,RESIDES_IN,Location
Q18390415,Q145,RESIDES_IN,Location
Q26408417,Q145,RESIDES_IN,Location
Q26389854,Q145,RESIDES_IN,Location
Q16980420,Q145,RESIDES_IN,Location
Q80858513,Q145,RESIDES_IN,Location
Q88561553,Q145,RESIDES_IN,Location
Q25722411,Q145,RESIDES_IN,Location
Q278948,Q145,RESIDES_IN,Location
Q26626503,Q145,RESIDES_IN,Location
Q88973858,Q145,RESIDES_IN,Location
Q26652408,Q145,RESIDES_IN,Location
Q24434148,Q145,RESIDES_IN,Location
Q29484631,Q145,RESIDES_IN,Location
Q80476305,Q145,RESIDES_IN,Location
Q79466049,Q145,RESIDES_IN,Location
Q61942576,Q145,RESIDES_IN,Location
Q217595,Q145,RESIDES_IN,Location
Q26634996,Q145,RESIDES_IN,Location
Q26577456,Q145,RESIDES_IN,Location
Q110746130,Q145,RESIDES_IN,Location
Q1190881,Q145,RESIDES_IN,Location
Q80584340,Q145,RESIDES_IN,Location
Q83558737,Q145,RESIDES_IN,Location
Q80585456,Q145,RESIDES_IN,Location
Q80577797,Q145,RESIDES_IN,Location
Q17018729,Q145,RESIDES_IN,Location
Q80856008,Q145,RESIDES_IN,Location
Q17508272,Q145,RESIDES_IN,Location
Q26582294,Q145,RESIDES_IN,Location
Q26683745,Q145,RESIDES_IN,Location
Q26627511,Q145,RESIDES_IN,Location
Q26554131,Q145,RESIDES_IN,Location
Q5328781,Q145,RESIDES_IN,Location
Q80858457,Q145,RESIDES_IN,Location
Q80581371,Q145,RESIDES_IN,Location
Q26298902,Q145,RESIDES_IN,Location
Q5399665,Q145,RESIDES_IN,Location
Q99593076,Q145,RESIDES_IN,Location
Q26638104,Q145,RESIDES_IN,Location
Q80583838,Q145,RESIDES_IN,Location
Q88916063,Q145,RESIDES_IN,Location
Q2994824,Q145,RESIDES_IN,Location
Q7542224,Q145,RESIDES_IN,Location
Q7753629,Q145,RESIDES_IN,Location
Q80585361,Q145,RESIDES_IN,Location
Q30338362,Q145,RESIDES_IN,Location
Q7567852,Q145,RESIDES_IN,Location
Q31679313,Q145,RESIDES_IN,Location
Q26477191,Q145,RESIDES_IN,Location
Q26398746,Q145,RESIDES_IN,Location
Q79683901,Q145,RESIDES_IN,Location
Q3191701,Q145,RESIDES_IN,Location
Q26563843,Q145,RESIDES_IN,Location
Q5165836,Q145,RESIDES_IN,Location
Q88917401,Q145,RESIDES_IN,Location
Q80582392,Q25,RESIDES_IN,Location
Q97968817,Q145,RESIDES_IN,Location
Q19893023,Q145,RESIDES_IN,Location
Q61890135,Q145,RESIDES_IN,Location
Q56183713,Q145,RESIDES_IN,Location
Q29494926,Q145,RESIDES_IN,Location
Q15978885,Q145,RESIDES_IN,Location
Q998470,Q145,RESIDES_IN,Location
Q2014847,Q145,RESIDES_IN,Location
Q79684767,Q145,RESIDES_IN,Location
Q80477052,Q145,RESIDES_IN,Location
Q7995442,Q145,RESIDES_IN,Location
Q26337174,Q145,RESIDES_IN,Location
Q26638886,Q145,RESIDES_IN,Location
Q26503742,Q145,RESIDES_IN,Location
Q26475863,Q145,RESIDES_IN,Location
Q26483082,Q145,RESIDES_IN,Location
Q7833987,Q145,RESIDES_IN,Location
Q26417526,Q145,RESIDES_IN,Location
Q61719561,Q145,RESIDES_IN,Location
Q26454177,Q145,RESIDES_IN,Location
Q26511380,Q145,RESIDES_IN,Location
Q80855734,Q145,RESIDES_IN,Location
Q99592442,Q145,RESIDES_IN,Location
Q2704273,Q145,RESIDES_IN,Location
Q99592532,Q145,RESIDES_IN,Location
Q80477102,Q145,RESIDES_IN,Location
Q26299003,Q145,RESIDES_IN,Location
Q98456772,Q43,RESIDES_IN,Location
Q26670001,Q145,RESIDES_IN,Location
Q26382092,Q145,RESIDES_IN,Location
Q99591874,Q145,RESIDES_IN,Location
Q26415557,Q145,RESIDES_IN,Location
Q29485958,Q145,RESIDES_IN,Location
Q980729,Q145,RESIDES_IN,Location
Q80859406,Q145,RESIDES_IN,Location
Q26304073,Q145,RESIDES_IN,Location
Q80855396,Q145,RESIDES_IN,Location
Q80855331,Q145,RESIDES_IN,Location
Q2025864,Q145,RESIDES_IN,Location
Q102424064,Q145,RESIDES_IN,Location
Q79466047,Q145,RESIDES_IN,Location
Q80857277,Q145,RESIDES_IN,Location
Q99592338,Q145,RESIDES_IN,Location
Q26507907,Q145,RESIDES_IN,Location
Q88916065,Q145,RESIDES_IN,Location
Q26584861,Q145,RESIDES_IN,Location
Q57476904,Q145,RESIDES_IN,Location
Q80859014,Q145,RESIDES_IN,Location
Q26579512,Q145,RESIDES_IN,Location
Q79684484,Q145,RESIDES_IN,Location
Q99592001,Q145,RESIDES_IN,Location
Q56604474,Q145,RESIDES_IN,Location
Q42417805,Q145,RESIDES_IN,Location
Q26540295,Q145,RESIDES_IN,Location
Q26579713,Q145,RESIDES_IN,Location
Q99593089,Q145,RESIDES_IN,Location
Q3115835,Q145,RESIDES_IN,Location
Q80858363,Q145,RESIDES_IN,Location
Q29497914,Q145,RESIDES_IN,Location
Q80476681,Q145,RESIDES_IN,Location
Q26415256,Q145,RESIDES_IN,Location
Q88917709,Q145,RESIDES_IN,Location
Q61875780,Q145,RESIDES_IN,Location
Q80584711,Q145,RESIDES_IN,Location
Q26632398,Q145,RESIDES_IN,Location
Q17852552,Q145,RESIDES_IN,Location
Q16891401,Q145,RESIDES_IN,Location
Q26461375,Q145,RESIDES_IN,Location
Q80859485,Q145,RESIDES_IN,Location
Q26428465,Q145,RESIDES_IN,Location
Q88917048,Q145,RESIDES_IN,Location
Q26496236,Q145,RESIDES_IN,Location
Q57235877,Q145,RESIDES_IN,Location
Q25160373,Q145,RESIDES_IN,Location
Q80583375,Q145,RESIDES_IN,Location
Q80581855,Q145,RESIDES_IN,Location
Q70628486,Q145,RESIDES_IN,Location
Q80582130,Q145,RESIDES_IN,Location
Q20877059,Q145,RESIDES_IN,Location
Q26321667,Q145,RESIDES_IN,Location
Q80582397,Q145,RESIDES_IN,Location
Q17540381,Q145,RESIDES_IN,Location
Q9361374,Q145,RESIDES_IN,Location
Q6315697,Q145,RESIDES_IN,Location
Q80855973,Q145,RESIDES_IN,Location
Q26470723,Q145,RESIDES_IN,Location
Q1364617,Q145,RESIDES_IN,Location
Q50079115,Q145,RESIDES_IN,Location
Q80855833,Q145,RESIDES_IN,Location
Q17534439,Q145,RESIDES_IN,Location
Q56067459,Q145,RESIDES_IN,Location
Q112207219,Q145,RESIDES_IN,Location
Q95980316,Q145,RESIDES_IN,Location
Q7751082,Q145,RESIDES_IN,Location
Q26487922,Q145,RESIDES_IN,Location
Q26300971,Q145,RESIDES_IN,Location
Q79683919,Q145,RESIDES_IN,Location
Q79684175,Q145,RESIDES_IN,Location
Q26302235,Q145,RESIDES_IN,Location
Q26319697,Q145,RESIDES_IN,Location
Q26547108,Q145,RESIDES_IN,Location
Q108810118,Q145,RESIDES_IN,Location
Q80582602,Q145,RESIDES_IN,Location
Q106317743,Q145,RESIDES_IN,Location
Q16941963,Q145,RESIDES_IN,Location
Q79684236,Q145,RESIDES_IN,Location
Q26519715,Q145,RESIDES_IN,Location
Q13529309,Q145,RESIDES_IN,Location
Q80583056,Q145,RESIDES_IN,Location
Q26516308,Q145,RESIDES_IN,Location
Q255059,Q145,RESIDES_IN,Location
Q7754826,Q145,RESIDES_IN,Location
Q80582551,Q145,RESIDES_IN,Location
Q7774242,Q145,RESIDES_IN,Location
Q26557304,Q145,RESIDES_IN,Location
Q80859460,Q145,RESIDES_IN,Location
Q26688929,Q145,RESIDES_IN,Location
Q107064571,Q145,RESIDES_IN,Location
Q17985738,Q145,RESIDES_IN,Location
Q5273798,Q145,RESIDES_IN,Location
Q26563921,Q145,RESIDES_IN,Location
Q99592682,Q145,RESIDES_IN,Location
Q80584820,Q145,RESIDES_IN,Location
Q99591888,Q145,RESIDES_IN,Location
Q26616047,Q145,RESIDES_IN,Location
Q26672969,Q145,RESIDES_IN,Location
Q80856663,Q145,RESIDES_IN,Location
Q26279422,Q145,RESIDES_IN,Location
Q99593042,Q145,RESIDES_IN,Location
Q110630466,Q145,RESIDES_IN,Location
Q26413692,Q145,RESIDES_IN,Location
Q4815933,Q145,RESIDES_IN,Location
Q886181,Q145,RESIDES_IN,Location
Q5133358,Q145,RESIDES_IN,Location
Q99593206,Q145,RESIDES_IN,Location
Q251266,Q145,RESIDES_IN,Location
Q56071855,Q145,RESIDES_IN,Location
Q80476519,Q145,RESIDES_IN,Location
Q79466080,Q145,RESIDES_IN,Location
Q26673899,Q145,RESIDES_IN,Location
Q4346145,Q145,RESIDES_IN,Location
Q26481538,Q145,RESIDES_IN,Location
Q26437811,Q145,RESIDES_IN,Location
Q98634346,Q145,RESIDES_IN,Location
Q83559687,Q145,RESIDES_IN,Location
Q26555742,Q145,RESIDES_IN,Location
Q88917006,Q145,RESIDES_IN,Location
Q1230936,Q145,RESIDES_IN,Location
Q26573180,Q145,RESIDES_IN,Location
Q107643213,Q145,RESIDES_IN,Location
Q10854572,Q145,RESIDES_IN,Location
Q701338,Q96,RESIDES_IN,Location
Q99550365,Q145,RESIDES_IN,Location
Q7058537,Q145,RESIDES_IN,Location
Q88917381,Q145,RESIDES_IN,Location
Q99592210,Q145,RESIDES_IN,Location
Q113599655,Q45,RESIDES_IN,Location
Q26518274,Q145,RESIDES_IN,Location
Q99593033,Q145,RESIDES_IN,Location
Q26405806,Q145,RESIDES_IN,Location
Q99592461,Q145,RESIDES_IN,Location
Q26525905,Q145,RESIDES_IN,Location
Q80577807,Q145,RESIDES_IN,Location
Q6024734,Q145,RESIDES_IN,Location
Q70628198,Q145,RESIDES_IN,Location
Q5384902,Q145,RESIDES_IN,Location
Q26441188,Q145,RESIDES_IN,Location
Q26455560,Q145,RESIDES_IN,Location
Q16895620,Q145,RESIDES_IN,Location
Q80855956,Q145,RESIDES_IN,Location
Q26541900,Q145,RESIDES_IN,Location
Q114961660,Q145,RESIDES_IN,Location
Q22101880,Q145,RESIDES_IN,Location
Q80858745,Q145,RESIDES_IN,Location
Q79684603,Q145,RESIDES_IN,Location
Q108565256,Q145,RESIDES_IN,Location
Q26492371,Q145,RESIDES_IN,Location
Q80855916,Q145,RESIDES_IN,Location
Q99592055,Q145,RESIDES_IN,Location
Q17777863,Q145,RESIDES_IN,Location
Q61915886,Q145,RESIDES_IN,Location
Q108085121,Q145,RESIDES_IN,Location
Q80858495,Q145,RESIDES_IN,Location
Q61915665,Q145,RESIDES_IN,Location
Q92434515,Q145,RESIDES_IN,Location
Q80578020,Q145,RESIDES_IN,Location
Q80859320,Q145,RESIDES_IN,Location
Q5455720,Q145,RESIDES_IN,Location
Q99592715,Q145,RESIDES_IN,Location
Q7057673,Q145,RESIDES_IN,Location
Q80583609,Q145,RESIDES_IN,Location
Q88915798,Q145,RESIDES_IN,Location
Q3003817,Q145,RESIDES_IN,Location
Q80584956,Q145,RESIDES_IN,Location
Q26455953,Q145,RESIDES_IN,Location
Q18708774,Q145,RESIDES_IN,Location
Q80858014,Q145,RESIDES_IN,Location
Q17030424,Q145,RESIDES_IN,Location
Q26625767,Q145,RESIDES_IN,Location
Q80856513,Q145,RESIDES_IN,Location
Q27084956,Q145,RESIDES_IN,Location
Q26654706,Q145,RESIDES_IN,Location
Q29482244,Q145,RESIDES_IN,Location
Q26315767,Q145,RESIDES_IN,Location
Q5437186,Q145,RESIDES_IN,Location
Q26540504,Q145,RESIDES_IN,Location
Q80583869,Q145,RESIDES_IN,Location
Q80577790,Q145,RESIDES_IN,Location
Q30688042,Q145,RESIDES_IN,Location
Q80583591,Q145,RESIDES_IN,Location
Q26467725,Q145,RESIDES_IN,Location
Q2976003,Q145,RESIDES_IN,Location
Q61923997,Q145,RESIDES_IN,Location
Q3127437,Q145,RESIDES_IN,Location
Q80477017,Q145,RESIDES_IN,Location
Q80858238,Q145,RESIDES_IN,Location
Q83558677,Q145,RESIDES_IN,Location
Q6391508,Q145,RESIDES_IN,Location
Q1636545,Q145,RESIDES_IN,Location
Q26496097,Q145,RESIDES_IN,Location
Q26641604,Q145,RESIDES_IN,Location
Q6970146,Q145,RESIDES_IN,Location
Q26499637,Q145,RESIDES_IN,Location
Q26631294,Q145,RESIDES_IN,Location
Q2108217,Q145,RESIDES_IN,Location
Q80581949,Q145,RESIDES_IN,Location
Q83559037,Q145,RESIDES_IN,Location
Q26308150,Q145,RESIDES_IN,Location
Q2613366,Q145,RESIDES_IN,Location
Q80582073,Q145,RESIDES_IN,Location
Q103813466,Q145,RESIDES_IN,Location
Q520445,Q145,RESIDES_IN,Location
Q26636404,Q145,RESIDES_IN,Location
Q79684335,Q145,RESIDES_IN,Location
Q17534292,Q145,RESIDES_IN,Location
Q7115336,Q145,RESIDES_IN,Location
Q80858611,Q145,RESIDES_IN,Location
Q26502441,Q145,RESIDES_IN,Location
Q112597033,Q145,RESIDES_IN,Location
Q99938502,Q145,RESIDES_IN,Location
Q5714666,Q145,RESIDES_IN,Location
Q26535740,Q145,RESIDES_IN,Location
Q21716372,Q145,RESIDES_IN,Location
Q80855284,Q145,RESIDES_IN,Location
Q7259672,Q145,RESIDES_IN,Location
Q2738646,Q145,RESIDES_IN,Location
Q1938876,Q145,RESIDES_IN,Location
Q29487173,Q145,RESIDES_IN,Location
Q80585444,Q145,RESIDES_IN,Location
Q79684652,Q145,RESIDES_IN,Location
Q26325539,Q145,RESIDES_IN,Location
Q7093629,Q145,RESIDES_IN,Location
Q80584993,Q145,RESIDES_IN,Location
Q26490551,Q145,RESIDES_IN,Location
Q26577728,Q145,RESIDES_IN,Location
Q26612036,Q145,RESIDES_IN,Location
Q29487217,Q145,RESIDES_IN,Location
Q1479654,Q38,RESIDES_IN,Location
Q80583366,Q145,RESIDES_IN,Location
Q26595335,Q145,RESIDES_IN,Location
Q26461044,Q145,RESIDES_IN,Location
Q192621,Q145,RESIDES_IN,Location
Q5353415,Q145,RESIDES_IN,Location
Q87766805,Q145,RESIDES_IN,Location
Q26535359,Q145,RESIDES_IN,Location
Q30293091,Q145,RESIDES_IN,Location
Q104640203,Q145,RESIDES_IN,Location
Q26457843,Q145,RESIDES_IN,Location
Q26520149,Q145,RESIDES_IN,Location
Q108431347,Q145,RESIDES_IN,Location
Q26469454,Q145,RESIDES_IN,Location
Q5086824,Q145,RESIDES_IN,Location
Q108659112,Q145,RESIDES_IN,Location
Q80859626,Q145,RESIDES_IN,Location
Q29499176,Q145,RESIDES_IN,Location
Q80584047,Q145,RESIDES_IN,Location
Q80583574,Q145,RESIDES_IN,Location
Q26492224,Q145,RESIDES_IN,Location
Q79684549,Q145,RESIDES_IN,Location
Q7570621,Q145,RESIDES_IN,Location
Q26279532,Q145,RESIDES_IN,Location
Q26547396,Q145,RESIDES_IN,Location
Q489097,Q145,RESIDES_IN,Location
Q23305496,Q145,RESIDES_IN,Location
Q33129786,Q145,RESIDES_IN,Location
Q80855327,Q145,RESIDES_IN,Location
Q249798,Q30,RESIDES_IN,Location
Q128523,Q145,RESIDES_IN,Location
Q5289614,Q145,RESIDES_IN,Location
Q26630445,Q145,RESIDES_IN,Location
Q80583377,Q145,RESIDES_IN,Location
Q683102,Q145,RESIDES_IN,Location
Q99593106,Q145,RESIDES_IN,Location
Q65049912,Q145,RESIDES_IN,Location
Q17986202,Q145,RESIDES_IN,Location
Q26595660,Q145,RESIDES_IN,Location
Q5680241,Q145,RESIDES_IN,Location
Q80857946,Q145,RESIDES_IN,Location
Q99592725,Q145,RESIDES_IN,Location
Q26567348,Q145,RESIDES_IN,Location
Q80583302,Q145,RESIDES_IN,Location
Q106395387,Q145,RESIDES_IN,Location
Q26656070,Q145,RESIDES_IN,Location
Q99592050,Q145,RESIDES_IN,Location
Q65118948,Q145,RESIDES_IN,Location
Q99592307,Q145,RESIDES_IN,Location
Q88916722,Q145,RESIDES_IN,Location
Q80477067,Q145,RESIDES_IN,Location
Q39052974,Q145,RESIDES_IN,Location
Q80856933,Q145,RESIDES_IN,Location
Q26590371,Q145,RESIDES_IN,Location
Q29122906,Q145,RESIDES_IN,Location
Q4968753,Q145,RESIDES_IN,Location
Q99592371,Q145,RESIDES_IN,Location
Q80855932,Q145,RESIDES_IN,Location
Q26461572,Q145,RESIDES_IN,Location
Q80855406,Q145,RESIDES_IN,Location
Q80477188,Q145,RESIDES_IN,Location
Q26299937,Q145,RESIDES_IN,Location
Q80583950,Q145,RESIDES_IN,Location
Q26554406,Q145,RESIDES_IN,Location
Q26660811,Q145,RESIDES_IN,Location
Q80855301,Q145,RESIDES_IN,Location
Q26578559,Q145,RESIDES_IN,Location
Q80584516,Q145,RESIDES_IN,Location
Q29498981,Q145,RESIDES_IN,Location
Q80585185,Q145,RESIDES_IN,Location
Q26643475,Q145,RESIDES_IN,Location
Q67833826,Q145,RESIDES_IN,Location
Q80583999,Q145,RESIDES_IN,Location
Q79466104,Q145,RESIDES_IN,Location
Q26463000,Q145,RESIDES_IN,Location
Q26577730,Q145,RESIDES_IN,Location
Q85845553,Q145,RESIDES_IN,Location
Q29489492,Q145,RESIDES_IN,Location
Q2602093,Q145,RESIDES_IN,Location
Q26539587,Q145,RESIDES_IN,Location
Q5528640,Q145,RESIDES_IN,Location
Q29494347,Q145,RESIDES_IN,Location
Q99592844,Q145,RESIDES_IN,Location
Q5016632,Q145,RESIDES_IN,Location
Q88915775,Q145,RESIDES_IN,Location
Q1434528,Q145,RESIDES_IN,Location
Q80855659,Q145,RESIDES_IN,Location
Q6662870,Q145,RESIDES_IN,Location
Q26653416,Q145,RESIDES_IN,Location
Q50347634,Q145,RESIDES_IN,Location
Q80584889,Q145,RESIDES_IN,Location
Q26619922,Q145,RESIDES_IN,Location
Q17552175,Q145,RESIDES_IN,Location
Q93511730,Q145,RESIDES_IN,Location
Q79684387,Q145,RESIDES_IN,Location
Q30254127,Q145,RESIDES_IN,Location
Q80581990,Q145,RESIDES_IN,Location
Q81415719,Q145,RESIDES_IN,Location
Q1319413,Q145,RESIDES_IN,Location
Q80582648,Q145,RESIDES_IN,Location
Q88916117,Q145,RESIDES_IN,Location
Q26438930,Q145,RESIDES_IN,Location
Q80578119,Q145,RESIDES_IN,Location
Q26527410,Q145,RESIDES_IN,Location
Q26537975,Q145,RESIDES_IN,Location
Q1471161,Q145,RESIDES_IN,Location
Q26557458,Q145,RESIDES_IN,Location
Q17022824,Q145,RESIDES_IN,Location
Q1414861,Q145,RESIDES_IN,Location
Q3567082,Q145,RESIDES_IN,Location
Q99592537,Q145,RESIDES_IN,Location
Q4859884,Q145,RESIDES_IN,Location
Q80477091,Q145,RESIDES_IN,Location
Q26623162,Q145,RESIDES_IN,Location
Q26300986,Q145,RESIDES_IN,Location
Q26395258,Q145,RESIDES_IN,Location
Q26298140,Q145,RESIDES_IN,Location
Q56285220,Q145,RESIDES_IN,Location
Q99592880,Q145,RESIDES_IN,Location
Q80857349,Q145,RESIDES_IN,Location
Q80855100,Q145,RESIDES_IN,Location
Q99592872,Q145,RESIDES_IN,Location
Q79466092,Q145,RESIDES_IN,Location
Q26488970,Q145,RESIDES_IN,Location
Q80859256,Q145,RESIDES_IN,Location
Q16858657,Q145,RESIDES_IN,Location
Q26633196,Q145,RESIDES_IN,Location
Q99592000,Q145,RESIDES_IN,Location
Q26494210,Q145,RESIDES_IN,Location
Q26333520,Q145,RESIDES_IN,Location
Q99592556,Q145,RESIDES_IN,Location
Q80582720,Q145,RESIDES_IN,Location
Q80859686,Q145,RESIDES_IN,Location
Q905549,Q145,RESIDES_IN,Location
Q26435955,Q145,RESIDES_IN,Location
Q26494657,Q145,RESIDES_IN,Location
Q26663200,Q145,RESIDES_IN,Location
Q937350,Q145,RESIDES_IN,Location
Q7961052,Q145,RESIDES_IN,Location
Q80855613,Q145,RESIDES_IN,Location
Q81047937,Q145,RESIDES_IN,Location
Q79838459,Q145,RESIDES_IN,Location
Q26668531,Q145,RESIDES_IN,Location
Q80583597,Q145,RESIDES_IN,Location
Q70628350,Q145,RESIDES_IN,Location
Q26664593,Q145,RESIDES_IN,Location
Q17773134,Q145,RESIDES_IN,Location
Q26450821,Q145,RESIDES_IN,Location
Q26626426,Q145,RESIDES_IN,Location
Q70072090,Q145,RESIDES_IN,Location
Q80858160,Q145,RESIDES_IN,Location
Q26562713,Q145,RESIDES_IN,Location
Q17061943,Q145,RESIDES_IN,Location
Q17030403,Q145,RESIDES_IN,Location
Q80476624,Q145,RESIDES_IN,Location
Q80582012,Q145,RESIDES_IN,Location
Q80583260,Q145,RESIDES_IN,Location
Q99593085,Q145,RESIDES_IN,Location
Q80856764,Q145,RESIDES_IN,Location
Q57362423,Q145,RESIDES_IN,Location
Q29482559,Q145,RESIDES_IN,Location
Q951830,Q145,RESIDES_IN,Location
Q375229,Q145,RESIDES_IN,Location
Q80857483,Q145,RESIDES_IN,Location
Q16989235,Q145,RESIDES_IN,Location
Q5086844,Q145,RESIDES_IN,Location
Q26623864,Q145,RESIDES_IN,Location
Q80585100,Q145,RESIDES_IN,Location
Q3317871,Q145,RESIDES_IN,Location
Q26403287,Q145,RESIDES_IN,Location
Q26404506,Q145,RESIDES_IN,Location
Q99593056,Q145,RESIDES_IN,Location
Q80582438,Q145,RESIDES_IN,Location
Q80857969,Q145,RESIDES_IN,Location
Q7065448,Q38,RESIDES_IN,Location
Q29491739,Q145,RESIDES_IN,Location
Q80578112,Q145,RESIDES_IN,Location
Q7971221,Q145,RESIDES_IN,Location
Q80582834,Q145,RESIDES_IN,Location
Q17852699,Q145,RESIDES_IN,Location
Q104144536,Q145,RESIDES_IN,Location
Q26498190,Q145,RESIDES_IN,Location
Q80581497,Q145,RESIDES_IN,Location
Q80584648,Q145,RESIDES_IN,Location
Q26960663,Q145,RESIDES_IN,Location
Q26392086,Q145,RESIDES_IN,Location
Q88915764,Q145,RESIDES_IN,Location
Q80859423,Q145,RESIDES_IN,Location
Q80584087,Q145,RESIDES_IN,Location
Q80856621,Q145,RESIDES_IN,Location
Q1138487,Q145,RESIDES_IN,Location
Q26326436,Q145,RESIDES_IN,Location
Q20712409,Q145,RESIDES_IN,Location
Q26658466,Q145,RESIDES_IN,Location
Q88965907,Q145,RESIDES_IN,Location
Q26502417,Q145,RESIDES_IN,Location
Q110954724,Q145,RESIDES_IN,Location
Q26666571,Q145,RESIDES_IN,Location
Q28401322,Q145,RESIDES_IN,Location
Q26417218,Q145,RESIDES_IN,Location
Q26612982,Q145,RESIDES_IN,Location
Q958053,Q145,RESIDES_IN,Location
Q88916057,Q145,RESIDES_IN,Location
Q26547486,Q145,RESIDES_IN,Location
Q80582455,Q145,RESIDES_IN,Location
Q7098810,Q145,RESIDES_IN,Location
Q80578270,Q145,RESIDES_IN,Location
Q80857164,Q145,RESIDES_IN,Location
Q88973880,Q145,RESIDES_IN,Location
Q80582938,Q145,RESIDES_IN,Location
Q2494570,Q145,RESIDES_IN,Location
Q80476749,Q145,RESIDES_IN,Location
Q80859436,Q145,RESIDES_IN,Location
Q80582515,Q145,RESIDES_IN,Location
Q21504226,Q145,RESIDES_IN,Location
Q5100384,Q145,RESIDES_IN,Location
Q26585432,Q145,RESIDES_IN,Location
Q80583433,Q145,RESIDES_IN,Location
Q26468747,Q145,RESIDES_IN,Location
Q80578274,Q145,RESIDES_IN,Location
Q26482023,Q145,RESIDES_IN,Location
Q88915747,Q145,RESIDES_IN,Location
Q80856887,Q145,RESIDES_IN,Location
Q79684068,Q145,RESIDES_IN,Location
Q15957066,Q145,RESIDES_IN,Location
Q26556777,Q145,RESIDES_IN,Location
Q105701837,Q145,RESIDES_IN,Location
Q26607418,Q145,RESIDES_IN,Location
Q585150,Q298,RESIDES_IN,Location
Q481356,Q145,RESIDES_IN,Location
Q80584971,Q145,RESIDES_IN,Location
Q80857657,Q145,RESIDES_IN,Location
Q220144,Q145,RESIDES_IN,Location
Q23301469,Q145,RESIDES_IN,Location
Q385558,Q145,RESIDES_IN,Location
Q26561156,Q145,RESIDES_IN,Location
Q26420952,Q145,RESIDES_IN,Location
Q6735473,Q145,RESIDES_IN,Location
Q5136253,Q145,RESIDES_IN,Location
Q80583212,Q145,RESIDES_IN,Location
Q3939671,Q145,RESIDES_IN,Location
Q80858020,Q145,RESIDES_IN,Location
Q88917365,Q145,RESIDES_IN,Location
Q106383027,Q145,RESIDES_IN,Location
Q99591705,Q145,RESIDES_IN,Location
Q26530857,Q145,RESIDES_IN,Location
Q88917750,Q145,RESIDES_IN,Location
Q1245484,Q145,RESIDES_IN,Location
Q88916710,Q145,RESIDES_IN,Location
Q27086781,Q145,RESIDES_IN,Location
Q26600857,Q145,RESIDES_IN,Location
Q80583438,Q145,RESIDES_IN,Location
Q61915939,Q145,RESIDES_IN,Location
Q99591904,Q145,RESIDES_IN,Location
Q80476873,Q145,RESIDES_IN,Location
Q80856834,Q145,RESIDES_IN,Location
Q80858051,Q145,RESIDES_IN,Location
Q80855229,Q145,RESIDES_IN,Location
Q80584149,Q145,RESIDES_IN,Location
Q80856070,Q145,RESIDES_IN,Location
Q61915669,Q145,RESIDES_IN,Location
Q26663047,Q145,RESIDES_IN,Location
Q28024354,Q145,RESIDES_IN,Location
Q24901445,Q145,RESIDES_IN,Location
Q16961706,Q145,RESIDES_IN,Location
Q7241839,Q145,RESIDES_IN,Location
Q18356458,Q145,RESIDES_IN,Location
Q29493122,Q145,RESIDES_IN,Location
Q18161020,Q145,RESIDES_IN,Location
Q80583094,Q145,RESIDES_IN,Location
Q79466122,Q145,RESIDES_IN,Location
Q26633482,Q145,RESIDES_IN,Location
Q1336200,Q145,RESIDES_IN,Location
Q61890227,Q145,RESIDES_IN,Location
Q80856606,Q145,RESIDES_IN,Location
Q80583249,Q145,RESIDES_IN,Location
Q59421018,Q145,RESIDES_IN,Location
Q80476673,Q145,RESIDES_IN,Location
Q4971192,Q145,RESIDES_IN,Location
Q26479416,Q145,RESIDES_IN,Location
Q1562826,Q55,RESIDES_IN,Location
Q81047850,Q145,RESIDES_IN,Location
Q80477223,Q145,RESIDES_IN,Location
Q48990121,Q145,RESIDES_IN,Location
Q17554805,Q145,RESIDES_IN,Location
Q26275858,Q145,RESIDES_IN,Location
Q5412047,Q145,RESIDES_IN,Location
Q99592707,Q145,RESIDES_IN,Location
Q5519528,Q145,RESIDES_IN,Location
Q80476528,Q145,RESIDES_IN,Location
Q19655039,Q145,RESIDES_IN,Location
Q14566210,Q145,RESIDES_IN,Location
Q70628116,Q145,RESIDES_IN,Location
Q79461663,Q145,RESIDES_IN,Location
Q80582781,Q145,RESIDES_IN,Location
Q83558641,Q145,RESIDES_IN,Location
Q80581940,Q145,RESIDES_IN,Location
Q26500923,Q145,RESIDES_IN,Location
Q114763500,Q145,RESIDES_IN,Location
Q80859055,Q145,RESIDES_IN,Location
Q26440151,Q145,RESIDES_IN,Location
Q26411058,Q145,RESIDES_IN,Location
Q80583917,Q145,RESIDES_IN,Location
Q2998867,Q145,RESIDES_IN,Location
Q26502326,Q145,RESIDES_IN,Location
Q26410560,Q145,RESIDES_IN,Location
Q88916477,Q145,RESIDES_IN,Location
Q16984508,Q145,RESIDES_IN,Location
Q4914683,Q145,RESIDES_IN,Location
Q13956892,Q145,RESIDES_IN,Location
Q70601649,Q145,RESIDES_IN,Location
Q7985792,Q145,RESIDES_IN,Location
Q88967148,Q145,RESIDES_IN,Location
Q98072640,Q145,RESIDES_IN,Location
Q80859137,Q145,RESIDES_IN,Location
Q88917100,Q145,RESIDES_IN,Location
Q743381,Q145,RESIDES_IN,Location
Q110984949,Q145,RESIDES_IN,Location
Q2109109,Q145,RESIDES_IN,Location
Q41802339,Q145,RESIDES_IN,Location
Q18819564,Q145,RESIDES_IN,Location
Q66902577,Q145,RESIDES_IN,Location
Q26606948,Q145,RESIDES_IN,Location
Q1044059,Q145,RESIDES_IN,Location
Q80583668,Q145,RESIDES_IN,Location
Q79683952,Q145,RESIDES_IN,Location
Q56151092,Q145,RESIDES_IN,Location
Q80578174,Q145,RESIDES_IN,Location
Q553658,Q145,RESIDES_IN,Location
Q26669272,Q145,RESIDES_IN,Location
Q739613,Q145,RESIDES_IN,Location
Q26589544,Q145,RESIDES_IN,Location
Q4867321,Q145,RESIDES_IN,Location
Q80578009,Q145,RESIDES_IN,Location
Q26581133,Q145,RESIDES_IN,Location
Q80476593,Q145,RESIDES_IN,Location
Q79683986,Q145,RESIDES_IN,Location
Q105235854,Q145,RESIDES_IN,Location
Q26468574,Q145,RESIDES_IN,Location
Q26674033,Q145,RESIDES_IN,Location
Q26513657,Q145,RESIDES_IN,Location
Q25171872,Q145,RESIDES_IN,Location
Q80856318,Q145,RESIDES_IN,Location
Q54818138,Q145,RESIDES_IN,Location
Q67080307,Q145,RESIDES_IN,Location
Q80585490,Q145,RESIDES_IN,Location
Q61717587,Q145,RESIDES_IN,Location
Q26467323,Q145,RESIDES_IN,Location
Q17032096,Q145,RESIDES_IN,Location
Q80859787,Q145,RESIDES_IN,Location
Q80856209,Q145,RESIDES_IN,Location
Q80859018,Q145,RESIDES_IN,Location
Q26641664,Q145,RESIDES_IN,Location
Q79683779,Q145,RESIDES_IN,Location
Q30504754,Q145,RESIDES_IN,Location
Q80583367,Q145,RESIDES_IN,Location
Q390107,Q145,RESIDES_IN,Location
Q26480087,Q145,RESIDES_IN,Location
Q80855146,Q145,RESIDES_IN,Location
Q80582206,Q145,RESIDES_IN,Location
Q80584840,Q145,RESIDES_IN,Location
Q26586261,Q145,RESIDES_IN,Location
Q80856368,Q145,RESIDES_IN,Location
Q80855248,Q145,RESIDES_IN,Location
Q26300998,Q145,RESIDES_IN,Location
Q80855698,Q145,RESIDES_IN,Location
Q80476271,Q145,RESIDES_IN,Location
Q99593021,Q145,RESIDES_IN,Location
Q3403981,Q145,RESIDES_IN,Location
Q99592539,Q145,RESIDES_IN,Location
Q26468355,Q145,RESIDES_IN,Location
Q99593179,Q145,RESIDES_IN,Location
Q5137069,Q145,RESIDES_IN,Location
Q50528754,Q145,RESIDES_IN,Location
Q1312950,Q145,RESIDES_IN,Location
Q80855782,Q145,RESIDES_IN,Location
Q80857213,Q145,RESIDES_IN,Location
Q26407458,Q145,RESIDES_IN,Location
Q80581491,Q145,RESIDES_IN,Location
Q7072246,Q145,RESIDES_IN,Location
Q26523531,Q145,RESIDES_IN,Location
Q26403915,Q145,RESIDES_IN,Location
Q80581875,Q145,RESIDES_IN,Location
Q80584423,Q145,RESIDES_IN,Location
Q80855620,Q145,RESIDES_IN,Location
Q80858154,Q145,RESIDES_IN,Location
Q80577882,Q145,RESIDES_IN,Location
Q63001935,Q145,RESIDES_IN,Location
Q29486747,Q145,RESIDES_IN,Location
Q26626979,Q145,RESIDES_IN,Location
Q61863219,Q145,RESIDES_IN,Location
Q80581955,Q145,RESIDES_IN,Location
Q26603051,Q145,RESIDES_IN,Location
Q5189482,Q145,RESIDES_IN,Location
Q27080464,Q145,RESIDES_IN,Location
Q26460674,Q145,RESIDES_IN,Location
Q26482747,Q145,RESIDES_IN,Location
Q80859292,Q145,RESIDES_IN,Location
Q671465,Q145,RESIDES_IN,Location
Q7428189,Q145,RESIDES_IN,Location
Q41171672,Q148,RESIDES_IN,Location
Q5328698,Q145,RESIDES_IN,Location
Q80859798,Q145,RESIDES_IN,Location
Q80859049,Q145,RESIDES_IN,Location
Q26275320,Q145,RESIDES_IN,Location
Q8052494,Q145,RESIDES_IN,Location
Q88973912,Q145,RESIDES_IN,Location
Q557632,Q145,RESIDES_IN,Location
Q106408225,Q145,RESIDES_IN,Location
Q26670161,Q145,RESIDES_IN,Location
Q26630680,Q145,RESIDES_IN,Location
Q80583386,Q145,RESIDES_IN,Location
Q61903182,Q145,RESIDES_IN,Location
Q5936029,Q145,RESIDES_IN,Location
Q79684500,Q145,RESIDES_IN,Location
Q26298471,Q145,RESIDES_IN,Location
Q80581739,Q145,RESIDES_IN,Location
Q26604252,Q145,RESIDES_IN,Location
Q26646598,Q145,RESIDES_IN,Location
Q26671476,Q145,RESIDES_IN,Location
Q26605037,Q145,RESIDES_IN,Location
Q26621272,Q145,RESIDES_IN,Location
Q652047,Q145,RESIDES_IN,Location
Q26311312,Q145,RESIDES_IN,Location
Q26668835,Q145,RESIDES_IN,Location
Q29483792,Q145,RESIDES_IN,Location
Q109531508,Q145,RESIDES_IN,Location
Q80858970,Q145,RESIDES_IN,Location
Q29483694,Q145,RESIDES_IN,Location
Q80856926,Q145,RESIDES_IN,Location
Q26512174,Q145,RESIDES_IN,Location
Q4835011,Q145,RESIDES_IN,Location
Q4558777,Q145,RESIDES_IN,Location
Q56641082,Q145,RESIDES_IN,Location
Q112779782,Q145,RESIDES_IN,Location
Q26321995,Q145,RESIDES_IN,Location
Q83558949,Q145,RESIDES_IN,Location
Q80584354,Q145,RESIDES_IN,Location
Q26542381,Q145,RESIDES_IN,Location
Q26277076,Q145,RESIDES_IN,Location
Q26673080,Q145,RESIDES_IN,Location
Q4118797,Q145,RESIDES_IN,Location
Q15978878,Q145,RESIDES_IN,Location
Q80856458,Q145,RESIDES_IN,Location
Q99592824,Q145,RESIDES_IN,Location
Q2687460,Q145,RESIDES_IN,Location
Q80581507,Q145,RESIDES_IN,Location
Q80583178,Q145,RESIDES_IN,Location
Q32277,Q145,RESIDES_IN,Location
Q7305497,Q145,RESIDES_IN,Location
Q26451809,Q145,RESIDES_IN,Location
Q26667358,Q145,RESIDES_IN,Location
Q99592330,Q145,RESIDES_IN,Location
Q26529401,Q145,RESIDES_IN,Location
Q240804,Q145,RESIDES_IN,Location
Q4010298,Q145,RESIDES_IN,Location
Q80859164,Q145,RESIDES_IN,Location
Q4962694,Q145,RESIDES_IN,Location
Q80476854,Q145,RESIDES_IN,Location
Q80578141,Q145,RESIDES_IN,Location
Q63076799,Q145,RESIDES_IN,Location
Q99592893,Q145,RESIDES_IN,Location
Q26506811,Q145,RESIDES_IN,Location
Q99593235,Q145,RESIDES_IN,Location
Q88916700,Q145,RESIDES_IN,Location
Q80856913,Q145,RESIDES_IN,Location
Q26471977,Q145,RESIDES_IN,Location
Q29481596,Q145,RESIDES_IN,Location
Q8030790,Q30,RESIDES_IN,Location
Q26568588,Q145,RESIDES_IN,Location
Q26472903,Q145,RESIDES_IN,Location
Q99592831,Q145,RESIDES_IN,Location
Q5417852,Q145,RESIDES_IN,Location
Q80858081,Q145,RESIDES_IN,Location
Q26312012,Q145,RESIDES_IN,Location
Q81047884,Q145,RESIDES_IN,Location
Q1423063,Q145,RESIDES_IN,Location
Q16251963,Q145,RESIDES_IN,Location
Q716737,Q145,RESIDES_IN,Location
Q80585410,Q145,RESIDES_IN,Location
Q80584024,Q145,RESIDES_IN,Location
Q26509778,Q145,RESIDES_IN,Location
Q88916457,Q145,RESIDES_IN,Location
Q26343628,Q145,RESIDES_IN,Location
Q26582798,Q145,RESIDES_IN,Location
Q99593149,Q145,RESIDES_IN,Location
Q30021879,Q145,RESIDES_IN,Location
Q689059,Q145,RESIDES_IN,Location
Q26397678,Q145,RESIDES_IN,Location
Q88916707,Q145,RESIDES_IN,Location
Q29505679,Q145,RESIDES_IN,Location
Q26623241,Q145,RESIDES_IN,Location
Q99592954,Q145,RESIDES_IN,Location
Q61875793,Q145,RESIDES_IN,Location
Q587270,Q145,RESIDES_IN,Location
Q26598688,Q145,RESIDES_IN,Location
Q26469405,Q145,RESIDES_IN,Location
Q80581505,Q145,RESIDES_IN,Location
Q80585021,Q145,RESIDES_IN,Location
Q17361863,Q145,RESIDES_IN,Location
Q80855200,Q145,RESIDES_IN,Location
Q91307483,Q145,RESIDES_IN,Location
Q302251,Q145,RESIDES_IN,Location
Q5253950,Q145,RESIDES_IN,Location
Q79683829,Q145,RESIDES_IN,Location
Q18385634,Q145,RESIDES_IN,Location
Q26544190,Q145,RESIDES_IN,Location
Q6127470,Q145,RESIDES_IN,Location
Q104905694,Q145,RESIDES_IN,Location
Q80578067,Q145,RESIDES_IN,Location
Q26321682,Q145,RESIDES_IN,Location
Q5563270,Q145,RESIDES_IN,Location
Q80476574,Q145,RESIDES_IN,Location
Q99592047,Q145,RESIDES_IN,Location
Q26544397,Q145,RESIDES_IN,Location
Q88917057,Q145,RESIDES_IN,Location
Q26627895,Q145,RESIDES_IN,Location
Q779893,Q145,RESIDES_IN,Location
Q29482255,Q145,RESIDES_IN,Location
Q80476295,Q145,RESIDES_IN,Location
Q123885,Q145,RESIDES_IN,Location
Q80858547,Q145,RESIDES_IN,Location
Q70628294,Q145,RESIDES_IN,Location
Q4969519,Q145,RESIDES_IN,Location
Q26468511,Q145,RESIDES_IN,Location
Q97622325,Q145,RESIDES_IN,Location
Q26498650,Q145,RESIDES_IN,Location
Q28401395,Q145,RESIDES_IN,Location
Q26632927,Q145,RESIDES_IN,Location
Q603059,Q145,RESIDES_IN,Location
Q80856274,Q145,RESIDES_IN,Location
Q26602017,Q145,RESIDES_IN,Location
Q79684259,Q145,RESIDES_IN,Location
Q31940770,Q145,RESIDES_IN,Location
Q26468915,Q145,RESIDES_IN,Location
Q551566,Q145,RESIDES_IN,Location
Q80858784,Q145,RESIDES_IN,Location
Q79461626,Q145,RESIDES_IN,Location
Q26410158,Q145,RESIDES_IN,Location
Q80855189,Q145,RESIDES_IN,Location
Q80581731,Q145,RESIDES_IN,Location
Q80583318,Q145,RESIDES_IN,Location
Q26622775,Q145,RESIDES_IN,Location
Q7968887,Q145,RESIDES_IN,Location
Q88917402,Q145,RESIDES_IN,Location
Q502470,Q145,RESIDES_IN,Location
Q26639043,Q145,RESIDES_IN,Location
Q26468118,Q145,RESIDES_IN,Location
Q80477079,Q145,RESIDES_IN,Location
Q7721069,Q145,RESIDES_IN,Location
Q821293,Q145,RESIDES_IN,Location
Q26428614,Q145,RESIDES_IN,Location
Q79684530,Q145,RESIDES_IN,Location
Q821058,Q145,RESIDES_IN,Location
Q19604604,Q145,RESIDES_IN,Location
Q80584753,Q145,RESIDES_IN,Location
Q80581890,Q145,RESIDES_IN,Location
Q26490753,Q145,RESIDES_IN,Location
Q80578344,Q145,RESIDES_IN,Location
Q310193,Q145,RESIDES_IN,Location
Q7738651,Q145,RESIDES_IN,Location
Q80476774,Q145,RESIDES_IN,Location
Q2001085,Q145,RESIDES_IN,Location
Q26629151,Q145,RESIDES_IN,Location
Q55099461,Q145,RESIDES_IN,Location
Q80856964,Q145,RESIDES_IN,Location
Q79684447,Q145,RESIDES_IN,Location
Q28126625,Q145,RESIDES_IN,Location
Q5025024,Q145,RESIDES_IN,Location
Q80581582,Q145,RESIDES_IN,Location
Q63644030,Q145,RESIDES_IN,Location
Q83558616,Q145,RESIDES_IN,Location
Q26507511,Q145,RESIDES_IN,Location
Q26640820,Q145,RESIDES_IN,Location
Q80584269,Q145,RESIDES_IN,Location
Q19903249,Q145,RESIDES_IN,Location
Q88915734,Q145,RESIDES_IN,Location
Q6841138,Q145,RESIDES_IN,Location
Q8055763,Q145,RESIDES_IN,Location
Q26475891,Q145,RESIDES_IN,Location
Q99592308,Q145,RESIDES_IN,Location
Q17744160,Q145,RESIDES_IN,Location
Q26488531,Q145,RESIDES_IN,Location
Q26275030,Q145,RESIDES_IN,Location
Q80857916,Q145,RESIDES_IN,Location
Q5168442,Q145,RESIDES_IN,Location
Q26558987,Q145,RESIDES_IN,Location
Q80584792,Q145,RESIDES_IN,Location
Q70628420,Q145,RESIDES_IN,Location
Q80582943,Q145,RESIDES_IN,Location
Q79684232,Q145,RESIDES_IN,Location
Q7741451,Q145,RESIDES_IN,Location
Q4857936,Q145,RESIDES_IN,Location
Q61863218,Q145,RESIDES_IN,Location
Q2106078,Q145,RESIDES_IN,Location
Q26561419,Q145,RESIDES_IN,Location
Q104864975,Q145,RESIDES_IN,Location
Q17776852,Q145,RESIDES_IN,Location
Q88917046,Q145,RESIDES_IN,Location
Q28214174,Q145,RESIDES_IN,Location
Q105722121,Q145,RESIDES_IN,Location
Q80859781,Q145,RESIDES_IN,Location
Q683098,Q145,RESIDES_IN,Location
Q468157,Q145,RESIDES_IN,Location
Q26475981,Q145,RESIDES_IN,Location
Q4920422,Q145,RESIDES_IN,Location
Q4691850,Q145,RESIDES_IN,Location
Q80581823,Q145,RESIDES_IN,Location
Q89779504,Q145,RESIDES_IN,Location
Q29480940,Q145,RESIDES_IN,Location
Q52159607,Q145,RESIDES_IN,Location
Q80855637,Q145,RESIDES_IN,Location
Q80584928,Q145,RESIDES_IN,Location
Q80583677,Q145,RESIDES_IN,Location
Q80859260,Q145,RESIDES_IN,Location
Q80582279,Q145,RESIDES_IN,Location
Q80585498,Q145,RESIDES_IN,Location
Q31014432,Q145,RESIDES_IN,Location
Q80585168,Q145,RESIDES_IN,Location
Q79683824,Q145,RESIDES_IN,Location
Q26440226,Q145,RESIDES_IN,Location
Q1208016,Q145,RESIDES_IN,Location
Q26483278,Q145,RESIDES_IN,Location
Q19870995,Q145,RESIDES_IN,Location
Q13529235,Q145,RESIDES_IN,Location
Q85789543,Q145,RESIDES_IN,Location
Q26293355,Q145,RESIDES_IN,Location
Q99593020,Q145,RESIDES_IN,Location
Q157062,Q145,RESIDES_IN,Location
Q26512069,Q145,RESIDES_IN,Location
Q81047950,Q145,RESIDES_IN,Location
Q88918690,Q145,RESIDES_IN,Location
Q26508185,Q145,RESIDES_IN,Location
Q61904741,Q145,RESIDES_IN,Location
Q67863357,Q145,RESIDES_IN,Location
Q26383260,Q145,RESIDES_IN,Location
Q26467605,Q145,RESIDES_IN,Location
Q26382615,Q145,RESIDES_IN,Location
Q29481302,Q145,RESIDES_IN,Location
Q80582029,Q145,RESIDES_IN,Location
Q26402513,Q145,RESIDES_IN,Location
Q80856048,Q145,RESIDES_IN,Location
Q96375000,Q145,RESIDES_IN,Location
Q80581387,Q145,RESIDES_IN,Location
Q80581589,Q145,RESIDES_IN,Location
Q80476448,Q145,RESIDES_IN,Location
Q16997473,Q145,RESIDES_IN,Location
Q80581421,Q145,RESIDES_IN,Location
Q6842358,Q145,RESIDES_IN,Location
Q26495447,Q145,RESIDES_IN,Location
Q26656007,Q145,RESIDES_IN,Location
Q5140923,Q145,RESIDES_IN,Location
Q79684364,Q145,RESIDES_IN,Location
Q26607312,Q145,RESIDES_IN,Location
Q80581545,Q145,RESIDES_IN,Location
Q80581542,Q145,RESIDES_IN,Location
Q29495698,Q145,RESIDES_IN,Location
Q7552132,Q145,RESIDES_IN,Location
Q80584989,Q145,RESIDES_IN,Location
Q99591897,Q145,RESIDES_IN,Location
Q50841764,Q145,RESIDES_IN,Location
Q65552617,Q145,RESIDES_IN,Location
Q80583099,Q145,RESIDES_IN,Location
Q5062683,Q145,RESIDES_IN,Location
Q80577871,Q145,RESIDES_IN,Location
Q26461999,Q145,RESIDES_IN,Location
Q26547548,Q145,RESIDES_IN,Location
Q26299036,Q145,RESIDES_IN,Location
Q23305183,Q145,RESIDES_IN,Location
Q26506204,Q145,RESIDES_IN,Location
Q280,Q145,RESIDES_IN,Location
Q99592183,Q145,RESIDES_IN,Location
Q26603225,Q145,RESIDES_IN,Location
Q107568429,Q145,RESIDES_IN,Location
Q99593009,Q145,RESIDES_IN,Location
Q80856385,Q145,RESIDES_IN,Location
Q26295961,Q145,RESIDES_IN,Location
Q25206290,Q30,RESIDES_IN,Location
Q16989158,Q145,RESIDES_IN,Location
Q88967159,Q145,RESIDES_IN,Location
Q2996526,Q145,RESIDES_IN,Location
Q29489735,Q145,RESIDES_IN,Location
Q20979091,Q145,RESIDES_IN,Location
Q30285179,Q145,RESIDES_IN,Location
Q80476686,Q145,RESIDES_IN,Location
Q30288170,Q145,RESIDES_IN,Location
Q19597637,Q145,RESIDES_IN,Location
Q936287,Q145,RESIDES_IN,Location
Q7293931,Q145,RESIDES_IN,Location
Q13129034,Q145,RESIDES_IN,Location
Q108897827,Q145,RESIDES_IN,Location
Q17028004,Q145,RESIDES_IN,Location
Q5602848,Q145,RESIDES_IN,Location
Q26572061,Q145,RESIDES_IN,Location
Q7643261,Q145,RESIDES_IN,Location
Q17025822,Q145,RESIDES_IN,Location
Q26336849,Q145,RESIDES_IN,Location
Q26423138,Q145,RESIDES_IN,Location
Q26381162,Q145,RESIDES_IN,Location
Q29482545,Q145,RESIDES_IN,Location
Q79684077,Q145,RESIDES_IN,Location
Q28451018,Q145,RESIDES_IN,Location
Q26273559,Q145,RESIDES_IN,Location
Q152057,Q145,RESIDES_IN,Location
Q80584534,Q145,RESIDES_IN,Location
Q26387072,Q145,RESIDES_IN,Location
Q110909380,Q145,RESIDES_IN,Location
Q26443113,Q145,RESIDES_IN,Location
Q17021649,Q145,RESIDES_IN,Location
Q50379735,Q145,RESIDES_IN,Location
Q1805857,Q45,RESIDES_IN,Location
Q80583530,Q145,RESIDES_IN,Location
Q26613150,Q145,RESIDES_IN,Location
Q80856665,Q145,RESIDES_IN,Location
Q28451507,Q145,RESIDES_IN,Location
Q99591754,Q145,RESIDES_IN,Location
Q56008749,Q145,RESIDES_IN,Location
Q26411412,Q145,RESIDES_IN,Location
Q23301494,Q145,RESIDES_IN,Location
Q26526065,Q145,RESIDES_IN,Location
Q61902593,Q145,RESIDES_IN,Location
Q80577802,Q145,RESIDES_IN,Location
Q28402493,Q145,RESIDES_IN,Location
Q85789775,Q145,RESIDES_IN,Location
Q80585006,Q145,RESIDES_IN,Location
Q874407,Q174193,RESIDES_IN,Location
Q80859595,Q145,RESIDES_IN,Location
Q1781087,Q145,RESIDES_IN,Location
Q114567327,Q145,RESIDES_IN,Location
Q26625560,Q145,RESIDES_IN,Location
Q88973865,Q145,RESIDES_IN,Location
Q105545377,Q145,RESIDES_IN,Location
Q5275956,Q145,RESIDES_IN,Location
Q80477173,Q145,RESIDES_IN,Location
Q56045915,Q145,RESIDES_IN,Location
Q56284956,Q145,RESIDES_IN,Location
Q79683807,Q145,RESIDES_IN,Location
Q80476336,Q145,RESIDES_IN,Location
Q114826023,Q145,RESIDES_IN,Location
Q26409088,Q145,RESIDES_IN,Location
Q26569988,Q145,RESIDES_IN,Location
Q26586433,Q145,RESIDES_IN,Location
Q7058492,Q145,RESIDES_IN,Location
Q61915875,Q145,RESIDES_IN,Location
Q26503035,Q145,RESIDES_IN,Location
Q29483095,Q145,RESIDES_IN,Location
Q79684710,Q145,RESIDES_IN,Location
Q26620984,Q145,RESIDES_IN,Location
Q5182740,Q145,RESIDES_IN,Location
Q99592003,Q145,RESIDES_IN,Location
Q80858648,Q145,RESIDES_IN,Location
Q61862565,Q145,RESIDES_IN,Location
Q41963012,Q145,RESIDES_IN,Location
Q88917060,Q145,RESIDES_IN,Location
Q26675493,Q145,RESIDES_IN,Location
Q3045865,Q145,RESIDES_IN,Location
Q80584067,Q145,RESIDES_IN,Location
Q99591693,Q145,RESIDES_IN,Location
Q61890120,Q145,RESIDES_IN,Location
Q81047841,Q145,RESIDES_IN,Location
Q2925725,Q145,RESIDES_IN,Location
Q5890431,Q145,RESIDES_IN,Location
Q29491781,Q145,RESIDES_IN,Location
Q29483286,Q145,RESIDES_IN,Location
Q80584280,Q145,RESIDES_IN,Location
Q26665437,Q145,RESIDES_IN,Location
Q26553371,Q145,RESIDES_IN,Location
Q115118647,Q145,RESIDES_IN,Location
Q80585218,Q145,RESIDES_IN,Location
Q26521876,Q145,RESIDES_IN,Location
Q26606969,Q145,RESIDES_IN,Location
Q80581648,Q145,RESIDES_IN,Location
Q26539326,Q145,RESIDES_IN,Location
Q26585613,Q145,RESIDES_IN,Location
Q26382472,Q145,RESIDES_IN,Location
Q5016214,Q145,RESIDES_IN,Location
Q61923971,Q145,RESIDES_IN,Location
Q26417711,Q145,RESIDES_IN,Location
Q26622098,Q145,RESIDES_IN,Location
Q88965884,Q145,RESIDES_IN,Location
Q99592526,Q145,RESIDES_IN,Location
Q4833713,Q145,RESIDES_IN,Location
Q80858218,Q145,RESIDES_IN,Location
Q80856378,Q145,RESIDES_IN,Location
Q79034919,Q145,RESIDES_IN,Location
Q29486908,Q145,RESIDES_IN,Location
Q26279655,Q145,RESIDES_IN,Location
Q26617165,Q145,RESIDES_IN,Location
Q63885416,Q145,RESIDES_IN,Location
Q18712957,Q145,RESIDES_IN,Location
Q26641139,Q145,RESIDES_IN,Location
Q17032157,Q145,RESIDES_IN,Location
Q80855218,Q145,RESIDES_IN,Location
Q15978875,Q145,RESIDES_IN,Location
Q50806851,Q145,RESIDES_IN,Location
Q26621567,Q145,RESIDES_IN,Location
Q5168056,Q145,RESIDES_IN,Location
Q26630645,Q145,RESIDES_IN,Location
Q95729614,Q145,RESIDES_IN,Location
Q26506063,Q145,RESIDES_IN,Location
Q5141908,Q145,RESIDES_IN,Location
Q61862561,Q145,RESIDES_IN,Location
Q81047917,Q145,RESIDES_IN,Location
Q99592163,Q145,RESIDES_IN,Location
Q26461039,Q145,RESIDES_IN,Location
Q79466135,Q145,RESIDES_IN,Location
Q26474257,Q145,RESIDES_IN,Location
Q80582785,Q145,RESIDES_IN,Location
Q79684099,Q145,RESIDES_IN,Location
Q80859386,Q145,RESIDES_IN,Location
Q26313300,Q145,RESIDES_IN,Location
Q88916713,Q145,RESIDES_IN,Location
Q80476757,Q145,RESIDES_IN,Location
Q7074432,Q145,RESIDES_IN,Location
Q4869087,Q145,RESIDES_IN,Location
Q26599521,Q145,RESIDES_IN,Location
Q26432040,Q145,RESIDES_IN,Location
Q80855021,Q145,RESIDES_IN,Location
Q16954461,Q145,RESIDES_IN,Location
Q26492031,Q145,RESIDES_IN,Location
Q503176,Q145,RESIDES_IN,Location
Q55610419,Q145,RESIDES_IN,Location
Q80859319,Q145,RESIDES_IN,Location
Q80578291,Q145,RESIDES_IN,Location
Q17022705,Q145,RESIDES_IN,Location
Q112323424,Q145,RESIDES_IN,Location
Q80855991,Q145,RESIDES_IN,Location
Q80584361,Q145,RESIDES_IN,Location
Q80585029,Q145,RESIDES_IN,Location
Q75293941,Q145,RESIDES_IN,Location
Q80857629,Q145,RESIDES_IN,Location
Q99592837,Q145,RESIDES_IN,Location
Q26316289,Q145,RESIDES_IN,Location
Q26643873,Q145,RESIDES_IN,Location
Q23305157,Q145,RESIDES_IN,Location
Q79683838,Q145,RESIDES_IN,Location
Q61915924,Q145,RESIDES_IN,Location
Q80582822,Q145,RESIDES_IN,Location
Q6280747,Q145,RESIDES_IN,Location
Q80582475,Q145,RESIDES_IN,Location
Q80577796,Q145,RESIDES_IN,Location
Q79684102,Q145,RESIDES_IN,Location
Q80858469,Q145,RESIDES_IN,Location
Q80859544,Q145,RESIDES_IN,Location
Q80581495,Q145,RESIDES_IN,Location
Q26578310,Q145,RESIDES_IN,Location
Q80476293,Q145,RESIDES_IN,Location
Q22000919,Q145,RESIDES_IN,Location
Q26644679,Q145,RESIDES_IN,Location
Q14955146,Q145,RESIDES_IN,Location
Q23685988,Q145,RESIDES_IN,Location
Q5019422,Q145,RESIDES_IN,Location
Q26413233,Q145,RESIDES_IN,Location
Q88973874,Q145,RESIDES_IN,Location
Q6489711,Q145,RESIDES_IN,Location
Q26506420,Q145,RESIDES_IN,Location
Q7649464,Q145,RESIDES_IN,Location
Q99592953,Q145,RESIDES_IN,Location
Q80857666,Q145,RESIDES_IN,Location
Q107451976,Q145,RESIDES_IN,Location
Q80577782,Q145,RESIDES_IN,Location
Q104535435,Q145,RESIDES_IN,Location
Q6127350,Q145,RESIDES_IN,Location
Q26384359,Q145,RESIDES_IN,Location
Q18356161,Q145,RESIDES_IN,Location
Q26537338,Q145,RESIDES_IN,Location
Q26286470,Q145,RESIDES_IN,Location
Q26646938,Q145,RESIDES_IN,Location
Q39738082,Q145,RESIDES_IN,Location
Q80857044,Q145,RESIDES_IN,Location
Q16022395,Q145,RESIDES_IN,Location
Q99593077,Q145,RESIDES_IN,Location
Q747678,Q27,RESIDES_IN,Location
Q80581864,Q145,RESIDES_IN,Location
Q5453048,Q145,RESIDES_IN,Location
Q80857673,Q145,RESIDES_IN,Location
Q99592446,Q145,RESIDES_IN,Location
Q7726526,Q145,RESIDES_IN,Location
Q16954078,Q145,RESIDES_IN,Location
Q80856002,Q145,RESIDES_IN,Location
Q109422953,Q145,RESIDES_IN,Location
Q30254136,Q145,RESIDES_IN,Location
Q26601472,Q145,RESIDES_IN,Location
Q26517281,Q145,RESIDES_IN,Location
Q26685239,Q145,RESIDES_IN,Location
Q278810,Q145,RESIDES_IN,Location
Q105938854,Q145,RESIDES_IN,Location
Q5195696,Q145,RESIDES_IN,Location
Q98561138,Q145,RESIDES_IN,Location
Q79461598,Q145,RESIDES_IN,Location
Q26583681,Q145,RESIDES_IN,Location
Q26639241,Q145,RESIDES_IN,Location
Q80583533,Q145,RESIDES_IN,Location
Q1550912,Q218,RESIDES_IN,Location
Q33198629,Q145,RESIDES_IN,Location
Q80858620,Q145,RESIDES_IN,Location
Q80857521,Q145,RESIDES_IN,Location
Q1023876,Q30,RESIDES_IN,Location
Q7334917,Q145,RESIDES_IN,Location
Q80581832,Q145,RESIDES_IN,Location
Q80856324,Q145,RESIDES_IN,Location
Q26653074,Q145,RESIDES_IN,Location
Q80582429,Q145,RESIDES_IN,Location
Q7126799,Q145,RESIDES_IN,Location
Q26461915,Q145,RESIDES_IN,Location
Q61890529,Q145,RESIDES_IN,Location
Q26513720,Q145,RESIDES_IN,Location
Q26635984,Q145,RESIDES_IN,Location
Q80583972,Q145,RESIDES_IN,Location
Q88917038,Q145,RESIDES_IN,Location
Q911367,Q145,RESIDES_IN,Location
Q26320087,Q145,RESIDES_IN,Location
Q24439129,Q145,RESIDES_IN,Location
Q80584408,Q145,RESIDES_IN,Location
Q26466678,Q145,RESIDES_IN,Location
Q29487212,Q145,RESIDES_IN,Location
Q26594183,Q145,RESIDES_IN,Location
Q80857693,Q145,RESIDES_IN,Location
Q80582188,Q145,RESIDES_IN,Location
Q99592673,Q145,RESIDES_IN,Location
Q99550479,Q145,RESIDES_IN,Location
Q1922100,Q145,RESIDES_IN,Location
Q80578373,Q145,RESIDES_IN,Location
Q4976688,Q145,RESIDES_IN,Location
Q26422098,Q145,RESIDES_IN,Location
Q99593065,Q145,RESIDES_IN,Location
Q6516806,Q145,RESIDES_IN,Location
Q7412675,Q145,RESIDES_IN,Location
Q7756612,Q30,RESIDES_IN,Location
Q111487661,Q145,RESIDES_IN,Location
Q26440356,Q145,RESIDES_IN,Location
Q1142797,Q145,RESIDES_IN,Location
Q26543525,Q145,RESIDES_IN,Location
Q26381466,Q145,RESIDES_IN,Location
Q80582628,Q145,RESIDES_IN,Location
Q61890226,Q145,RESIDES_IN,Location
Q7929051,Q145,RESIDES_IN,Location
Q26316174,Q145,RESIDES_IN,Location
Q4967357,Q145,RESIDES_IN,Location
Q80856996,Q145,RESIDES_IN,Location
Q80582204,Q145,RESIDES_IN,Location
Q99593016,Q145,RESIDES_IN,Location
Q26543473,Q145,RESIDES_IN,Location
Q95921298,Q145,RESIDES_IN,Location
Q26489032,Q145,RESIDES_IN,Location
Q26582166,Q145,RESIDES_IN,Location
Q88917328,Q145,RESIDES_IN,Location
Q26653474,Q145,RESIDES_IN,Location
Q79684117,Q145,RESIDES_IN,Location
Q5033341,Q145,RESIDES_IN,Location
Q80584718,Q145,RESIDES_IN,Location
Q26684086,Q145,RESIDES_IN,Location
Q17018808,Q145,RESIDES_IN,Location
Q80584713,Q145,RESIDES_IN,Location
Q80584816,Q145,RESIDES_IN,Location
Q80585347,Q145,RESIDES_IN,Location
Q262854,Q145,RESIDES_IN,Location
Q88916695,Q145,RESIDES_IN,Location
Q1344680,Q145,RESIDES_IN,Location
Q80581686,Q145,RESIDES_IN,Location
Q26660979,Q145,RESIDES_IN,Location
Q48816137,Q145,RESIDES_IN,Location
Q4920501,Q145,RESIDES_IN,Location
Q80581471,Q145,RESIDES_IN,Location
Q91440588,Q145,RESIDES_IN,Location
Q26404812,Q145,RESIDES_IN,Location
Q7232504,Q145,RESIDES_IN,Location
Q5193845,Q145,RESIDES_IN,Location
Q79683943,Q145,RESIDES_IN,Location
Q26608265,Q145,RESIDES_IN,Location
Q26602933,Q145,RESIDES_IN,Location
Q87766783,Q145,RESIDES_IN,Location
Q26457399,Q145,RESIDES_IN,Location
Q80577838,Q145,RESIDES_IN,Location
Q61890522,Q145,RESIDES_IN,Location
Q99592827,Q145,RESIDES_IN,Location
Q80581502,Q145,RESIDES_IN,Location
Q80584276,Q145,RESIDES_IN,Location
Q7244677,Q145,RESIDES_IN,Location
Q28940761,Q30,RESIDES_IN,Location
Q26401661,Q145,RESIDES_IN,Location
Q109949399,Q145,RESIDES_IN,Location
Q80584542,Q145,RESIDES_IN,Location
Q26560189,Q145,RESIDES_IN,Location
Q80859538,Q145,RESIDES_IN,Location
Q80585273,Q145,RESIDES_IN,Location
Q17531577,Q145,RESIDES_IN,Location
Q99592014,Q145,RESIDES_IN,Location
Q29481094,Q145,RESIDES_IN,Location
Q80856548,Q145,RESIDES_IN,Location
Q80584058,Q145,RESIDES_IN,Location
Q80584475,Q145,RESIDES_IN,Location
Q29481733,Q145,RESIDES_IN,Location
Q99593067,Q145,RESIDES_IN,Location
Q26397815,Q145,RESIDES_IN,Location
Q26549484,Q145,RESIDES_IN,Location
Q63975276,Q145,RESIDES_IN,Location
Q769324,Q145,RESIDES_IN,Location
Q80858908,Q145,RESIDES_IN,Location
Q26422745,Q145,RESIDES_IN,Location
Q99591767,Q145,RESIDES_IN,Location
Q26286871,Q145,RESIDES_IN,Location
Q5477251,Q145,RESIDES_IN,Location
Q80856272,Q145,RESIDES_IN,Location
Q88916101,Q145,RESIDES_IN,Location
Q26298634,Q145,RESIDES_IN,Location
Q88973945,Q145,RESIDES_IN,Location
Q80582747,Q145,RESIDES_IN,Location
Q48977990,Q145,RESIDES_IN,Location
Q80582404,Q145,RESIDES_IN,Location
Q791179,Q145,RESIDES_IN,Location
Q24910475,Q145,RESIDES_IN,Location
Q26315746,Q145,RESIDES_IN,Location
Q83558645,Q145,RESIDES_IN,Location
Q1342882,Q145,RESIDES_IN,Location
Q5094171,Q145,RESIDES_IN,Location
Q99593032,Q145,RESIDES_IN,Location
Q80856905,Q145,RESIDES_IN,Location
Q80859560,Q145,RESIDES_IN,Location
Q16256108,Q145,RESIDES_IN,Location
Q80855141,Q145,RESIDES_IN,Location
Q15978982,Q145,RESIDES_IN,Location
Q105672451,Q145,RESIDES_IN,Location
Q80476738,Q145,RESIDES_IN,Location
Q29485315,Q145,RESIDES_IN,Location
Q430682,Q145,RESIDES_IN,Location
Q1630451,Q145,RESIDES_IN,Location
Q2742913,Q145,RESIDES_IN,Location
Q80581755,Q145,RESIDES_IN,Location
Q83558846,Q145,RESIDES_IN,Location
Q4673004,Q145,RESIDES_IN,Location
Q98118338,Q145,RESIDES_IN,Location
Q99592586,Q145,RESIDES_IN,Location
Q61890132,Q145,RESIDES_IN,Location
Q79684464,Q145,RESIDES_IN,Location
Q108537438,Q851,RESIDES_IN,Location
Q109418010,Q145,RESIDES_IN,Location
Q5874552,Q145,RESIDES_IN,Location
Q105958886,Q145,RESIDES_IN,Location
Q80583416,Q145,RESIDES_IN,Location
Q27087707,Q145,RESIDES_IN,Location
Q61915882,Q145,RESIDES_IN,Location
Q5490892,Q145,RESIDES_IN,Location
Q5073284,Q145,RESIDES_IN,Location
Q80859495,Q145,RESIDES_IN,Location
Q80584448,Q145,RESIDES_IN,Location
Q79466088,Q145,RESIDES_IN,Location
Q3003175,Q145,RESIDES_IN,Location
Q80583105,Q145,RESIDES_IN,Location
Q80578132,Q145,RESIDES_IN,Location
Q80583879,Q145,RESIDES_IN,Location
Q80476669,Q145,RESIDES_IN,Location
Q80584799,Q145,RESIDES_IN,Location
Q5038119,Q145,RESIDES_IN,Location
Q26285830,Q145,RESIDES_IN,Location
Q61875607,Q145,RESIDES_IN,Location
Q80855410,Q145,RESIDES_IN,Location
Q26412515,Q145,RESIDES_IN,Location
Q29491076,Q145,RESIDES_IN,Location
Q17791643,Q145,RESIDES_IN,Location
Q26418706,Q145,RESIDES_IN,Location
Q6483045,Q145,RESIDES_IN,Location
Q80578415,Q145,RESIDES_IN,Location
Q61924019,Q145,RESIDES_IN,Location
Q80477042,Q145,RESIDES_IN,Location
Q16895775,Q145,RESIDES_IN,Location
Q30608391,Q145,RESIDES_IN,Location
Q26291232,Q145,RESIDES_IN,Location
Q18391341,Q145,RESIDES_IN,Location
Q29498972,Q145,RESIDES_IN,Location
Q1504025,Q145,RESIDES_IN,Location
Q111589557,Q145,RESIDES_IN,Location
Q1052017,Q145,RESIDES_IN,Location
Q4976672,Q145,RESIDES_IN,Location
Q29486748,Q145,RESIDES_IN,Location
Q26518092,Q145,RESIDES_IN,Location
Q892447,Q145,RESIDES_IN,Location
Q83558680,Q145,RESIDES_IN,Location
Q26322230,Q145,RESIDES_IN,Location
Q4836931,Q145,RESIDES_IN,Location
Q26338823,Q145,RESIDES_IN,Location
Q88973908,Q145,RESIDES_IN,Location
Q4903588,Q145,RESIDES_IN,Location
Q80477060,Q145,RESIDES_IN,Location
Q80858660,Q145,RESIDES_IN,Location
Q7240340,Q145,RESIDES_IN,Location
Q99593248,Q145,RESIDES_IN,Location
Q21008659,Q145,RESIDES_IN,Location
Q17831438,Q145,RESIDES_IN,Location
Q61915878,Q145,RESIDES_IN,Location
Q80857998,Q145,RESIDES_IN,Location
Q17537643,Q145,RESIDES_IN,Location
Q26563423,Q145,RESIDES_IN,Location
Q79461581,Q145,RESIDES_IN,Location
Q245343,Q145,RESIDES_IN,Location
Q99593229,Q145,RESIDES_IN,Location
Q26637600,Q145,RESIDES_IN,Location
Q26539471,Q145,RESIDES_IN,Location
Q61875598,Q145,RESIDES_IN,Location
Q80581710,Q145,RESIDES_IN,Location
Q110049160,Q145,RESIDES_IN,Location
Q26551340,Q145,RESIDES_IN,Location
Q30512311,Q145,RESIDES_IN,Location
Q7681924,Q145,RESIDES_IN,Location
Q80585451,Q145,RESIDES_IN,Location
Q80476649,Q145,RESIDES_IN,Location
Q26568394,Q145,RESIDES_IN,Location
Q56367812,Q145,RESIDES_IN,Location
Q99592203,Q145,RESIDES_IN,Location
Q26673927,Q145,RESIDES_IN,Location
Q99592314,Q145,RESIDES_IN,Location
Q7898585,Q145,RESIDES_IN,Location
Q1043403,Q145,RESIDES_IN,Location
Q6883832,Q145,RESIDES_IN,Location
Q80583361,Q145,RESIDES_IN,Location
Q17061956,Q145,RESIDES_IN,Location
Q26647070,Q145,RESIDES_IN,Location
Q6366824,Q145,RESIDES_IN,Location
Q6516227,Q145,RESIDES_IN,Location
Q26685277,Q145,RESIDES_IN,Location
Q26571433,Q145,RESIDES_IN,Location
Q26562043,Q145,RESIDES_IN,Location
Q26547229,Q145,RESIDES_IN,Location
Q16994758,Q145,RESIDES_IN,Location
Q26467004,Q145,RESIDES_IN,Location
Q80578178,Q145,RESIDES_IN,Location
Q105516156,Q145,RESIDES_IN,Location
Q80476711,Q145,RESIDES_IN,Location
Q111517339,Q145,RESIDES_IN,Location
Q80858448,Q145,RESIDES_IN,Location
Q26319777,Q145,RESIDES_IN,Location
Q26366115,Q145,RESIDES_IN,Location
Q27082911,Q145,RESIDES_IN,Location
Q61915870,Q145,RESIDES_IN,Location
Q7055122,Q145,RESIDES_IN,Location
Q80582083,Q145,RESIDES_IN,Location
Q80855923,Q145,RESIDES_IN,Location
Q83558869,Q145,RESIDES_IN,Location
Q4986416,Q145,RESIDES_IN,Location
Q111680985,Q145,RESIDES_IN,Location
Q2141800,Q145,RESIDES_IN,Location
Q7058462,Q145,RESIDES_IN,Location
Q7373925,Q145,RESIDES_IN,Location
Q85199581,Q145,RESIDES_IN,Location
Q5666409,Q145,RESIDES_IN,Location
Q26286337,Q145,RESIDES_IN,Location
Q99555902,Q145,RESIDES_IN,Location
Q29123730,Q145,RESIDES_IN,Location
Q26414002,Q145,RESIDES_IN,Location
Q26638721,Q145,RESIDES_IN,Location
Q7653450,Q145,RESIDES_IN,Location
Q26300079,Q145,RESIDES_IN,Location
Q7718716,Q145,RESIDES_IN,Location
Q6907777,Q145,RESIDES_IN,Location
Q26402397,Q145,RESIDES_IN,Location
Q80582118,Q145,RESIDES_IN,Location
Q29490590,Q145,RESIDES_IN,Location
Q18388097,Q145,RESIDES_IN,Location
Q26308410,Q145,RESIDES_IN,Location
Q26405445,Q145,RESIDES_IN,Location
Q26631546,Q145,RESIDES_IN,Location
Q627381,Q145,RESIDES_IN,Location
Q80856823,Q145,RESIDES_IN,Location
Q80856308,Q145,RESIDES_IN,Location
Q80583360,Q145,RESIDES_IN,Location
Q26549176,Q145,RESIDES_IN,Location
Q511497,Q145,RESIDES_IN,Location
Q6754124,Q145,RESIDES_IN,Location
Q16707776,Q145,RESIDES_IN,Location
Q16983668,Q145,RESIDES_IN,Location
Q80577955,Q145,RESIDES_IN,Location
Q80855077,Q145,RESIDES_IN,Location
Q6916538,Q145,RESIDES_IN,Location
Q29482084,Q145,RESIDES_IN,Location
Q18112026,Q145,RESIDES_IN,Location
Q80583108,Q145,RESIDES_IN,Location
Q80857905,Q145,RESIDES_IN,Location
Q50610363,Q145,RESIDES_IN,Location
Q80581850,Q145,RESIDES_IN,Location
Q17847906,Q145,RESIDES_IN,Location
Q26635841,Q145,RESIDES_IN,Location
Q26295315,Q145,RESIDES_IN,Location
Q5122929,Q145,RESIDES_IN,Location
Q88975315,Q145,RESIDES_IN,Location
Q26369971,Q145,RESIDES_IN,Location
Q4809864,Q145,RESIDES_IN,Location
Q29491737,Q145,RESIDES_IN,Location
Q80859167,Q145,RESIDES_IN,Location
Q55137121,Q145,RESIDES_IN,Location
Q7832418,Q145,RESIDES_IN,Location
Q80859691,Q145,RESIDES_IN,Location
Q1799875,Q145,RESIDES_IN,Location
Q26627638,Q145,RESIDES_IN,Location
Q5230296,Q145,RESIDES_IN,Location
Q26275112,Q145,RESIDES_IN,Location
Q26634073,Q145,RESIDES_IN,Location
Q61855379,Q145,RESIDES_IN,Location
Q26526672,Q145,RESIDES_IN,Location
Q14955152,Q145,RESIDES_IN,Location
Q18358947,Q145,RESIDES_IN,Location
Q26498575,Q145,RESIDES_IN,Location
Q80476895,Q145,RESIDES_IN,Location
Q80585373,Q145,RESIDES_IN,Location
Q80859757,Q145,RESIDES_IN,Location
Q80585090,Q145,RESIDES_IN,Location
Q17027528,Q145,RESIDES_IN,Location
Q259013,Q145,RESIDES_IN,Location
Q80858580,Q145,RESIDES_IN,Location
Q80857255,Q145,RESIDES_IN,Location
Q80581825,Q145,RESIDES_IN,Location
Q26560815,Q145,RESIDES_IN,Location
Q6383587,Q145,RESIDES_IN,Location
Q16953326,Q145,RESIDES_IN,Location
Q99592038,Q145,RESIDES_IN,Location
Q26388065,Q145,RESIDES_IN,Location
Q80855139,Q145,RESIDES_IN,Location
Q99593054,Q145,RESIDES_IN,Location
Q7155843,Q27,RESIDES_IN,Location
Q1508259,Q145,RESIDES_IN,Location
Q80855437,Q145,RESIDES_IN,Location
Q78990545,Q145,RESIDES_IN,Location
Q6415700,Q145,RESIDES_IN,Location
Q99592149,Q145,RESIDES_IN,Location
Q99592536,Q145,RESIDES_IN,Location
Q80584548,Q145,RESIDES_IN,Location
Q114896651,Q145,RESIDES_IN,Location
Q4971696,Q145,RESIDES_IN,Location
Q80857172,Q145,RESIDES_IN,Location
Q26391383,Q145,RESIDES_IN,Location
Q81061275,Q145,RESIDES_IN,Location
Q26645783,Q145,RESIDES_IN,Location
Q26499631,Q145,RESIDES_IN,Location
Q17020810,Q145,RESIDES_IN,Location
Q332474,Q145,RESIDES_IN,Location
Q26509453,Q145,RESIDES_IN,Location
Q863618,Q145,RESIDES_IN,Location
Q80584781,Q145,RESIDES_IN,Location
Q60299,Q145,RESIDES_IN,Location
Q26548870,Q145,RESIDES_IN,Location
Q26674647,Q145,RESIDES_IN,Location
Q66969326,Q145,RESIDES_IN,Location
Q80858865,Q145,RESIDES_IN,Location
Q80582183,Q145,RESIDES_IN,Location
Q80583336,Q145,RESIDES_IN,Location
Q79684436,Q145,RESIDES_IN,Location
Q80859524,Q145,RESIDES_IN,Location
Q16968376,Q145,RESIDES_IN,Location
Q26451576,Q145,RESIDES_IN,Location
Q99593164,Q145,RESIDES_IN,Location
Q29490672,Q145,RESIDES_IN,Location
Q26629900,Q145,RESIDES_IN,Location
Q80585271,Q145,RESIDES_IN,Location
Q30254137,Q145,RESIDES_IN,Location
Q7721580,Q145,RESIDES_IN,Location
Q101461338,Q145,RESIDES_IN,Location
Q28402651,Q145,RESIDES_IN,Location
Q27085030,Q145,RESIDES_IN,Location
Q26609926,Q145,RESIDES_IN,Location
Q26302440,Q145,RESIDES_IN,Location
Q80855442,Q145,RESIDES_IN,Location
Q80585096,Q145,RESIDES_IN,Location
Q79837546,Q145,RESIDES_IN,Location
Q7448800,Q145,RESIDES_IN,Location
Q80856706,Q145,RESIDES_IN,Location
Q111525245,Q145,RESIDES_IN,Location
Q80577825,Q145,RESIDES_IN,Location
Q80856128,Q145,RESIDES_IN,Location
Q83558691,Q145,RESIDES_IN,Location
Q16331613,Q145,RESIDES_IN,Location
Q80582501,Q145,RESIDES_IN,Location
Q61865327,Q145,RESIDES_IN,Location
Q110300356,Q145,RESIDES_IN,Location
Q80855242,Q145,RESIDES_IN,Location
Q26529696,Q145,RESIDES_IN,Location
Q17512853,Q145,RESIDES_IN,Location
Q99593078,Q145,RESIDES_IN,Location
Q80476411,Q145,RESIDES_IN,Location
Q63242134,Q145,RESIDES_IN,Location
Q110189455,Q145,RESIDES_IN,Location
Q88917059,Q145,RESIDES_IN,Location
Q97463287,Q145,RESIDES_IN,Location
Q641722,Q145,RESIDES_IN,Location
Q23901,Q145,RESIDES_IN,Location
Q88915759,Q145,RESIDES_IN,Location
Q26504309,Q145,RESIDES_IN,Location
Q17062049,Q145,RESIDES_IN,Location
Q80857928,Q145,RESIDES_IN,Location
Q731938,Q34,RESIDES_IN,Location
Q29492069,Q145,RESIDES_IN,Location
Q87715158,Q145,RESIDES_IN,Location
Q26584111,Q145,RESIDES_IN,Location
Q80583659,Q145,RESIDES_IN,Location
Q81787271,Q145,RESIDES_IN,Location
Q79684723,Q145,RESIDES_IN,Location
Q80857589,Q145,RESIDES_IN,Location
Q26366237,Q145,RESIDES_IN,Location
Q88967141,Q145,RESIDES_IN,Location
Q80583241,Q145,RESIDES_IN,Location
Q7330409,Q145,RESIDES_IN,Location
Q80859778,Q145,RESIDES_IN,Location
Q80583906,Q145,RESIDES_IN,Location
Q26381809,Q145,RESIDES_IN,Location
Q80857599,Q145,RESIDES_IN,Location
Q80582382,Q145,RESIDES_IN,Location
Q26434376,Q145,RESIDES_IN,Location
Q26469755,Q145,RESIDES_IN,Location
Q208875,Q145,RESIDES_IN,Location
Q65083363,Q145,RESIDES_IN,Location
Q26512217,Q145,RESIDES_IN,Location
Q80476421,Q145,RESIDES_IN,Location
Q79684043,Q145,RESIDES_IN,Location
Q99593147,Q145,RESIDES_IN,Location
Q26355850,Q145,RESIDES_IN,Location
Q80855058,Q145,RESIDES_IN,Location
Q26597053,Q145,RESIDES_IN,Location
Q26546766,Q145,RESIDES_IN,Location
Q26501846,Q145,RESIDES_IN,Location
Q80584182,Q145,RESIDES_IN,Location
Q26642430,Q145,RESIDES_IN,Location
Q80477083,Q145,RESIDES_IN,Location
Q17017305,Q145,RESIDES_IN,Location
Q99968931,Q145,RESIDES_IN,Location
Q61862567,Q145,RESIDES_IN,Location
Q99592934,Q145,RESIDES_IN,Location
Q80582107,Q145,RESIDES_IN,Location
Q2000610,Q145,RESIDES_IN,Location
Q26275364,Q145,RESIDES_IN,Location
Q6731427,Q145,RESIDES_IN,Location
Q26506528,Q145,RESIDES_IN,Location
Q26375864,Q145,RESIDES_IN,Location
Q80578350,Q145,RESIDES_IN,Location
Q26502779,Q145,RESIDES_IN,Location
Q80581718,Q145,RESIDES_IN,Location
Q945060,Q145,RESIDES_IN,Location
Q7462808,Q145,RESIDES_IN,Location
Q26365385,Q145,RESIDES_IN,Location
Q5225943,Q145,RESIDES_IN,Location
Q27903803,Q145,RESIDES_IN,Location
Q88916038,Q145,RESIDES_IN,Location
Q80581398,Q145,RESIDES_IN,Location
Q80583485,Q145,RESIDES_IN,Location
Q26416690,Q145,RESIDES_IN,Location
Q112768698,Q145,RESIDES_IN,Location
Q100298474,Q145,RESIDES_IN,Location
Q26469680,Q145,RESIDES_IN,Location
Q7966605,Q145,RESIDES_IN,Location
Q79683786,Q145,RESIDES_IN,Location
Q80857721,Q145,RESIDES_IN,Location
Q80855717,Q145,RESIDES_IN,Location
Q26653928,Q145,RESIDES_IN,Location
Q60764227,Q145,RESIDES_IN,Location
Q26583439,Q145,RESIDES_IN,Location
Q80477264,Q145,RESIDES_IN,Location
Q80477098,Q145,RESIDES_IN,Location
Q26519331,Q145,RESIDES_IN,Location
Q29561094,Q145,RESIDES_IN,Location
Q80858468,Q145,RESIDES_IN,Location
Q66662001,Q145,RESIDES_IN,Location
Q26652194,Q145,RESIDES_IN,Location
Q6670360,Q145,RESIDES_IN,Location
Q1501071,Q145,RESIDES_IN,Location
Q17020308,Q145,RESIDES_IN,Location
Q80855635,Q145,RESIDES_IN,Location
Q80585285,Q145,RESIDES_IN,Location
Q26554756,Q145,RESIDES_IN,Location
Q26527360,Q145,RESIDES_IN,Location
Q26297262,Q145,RESIDES_IN,Location
Q80583353,Q145,RESIDES_IN,Location
Q26451171,Q145,RESIDES_IN,Location
Q80856979,Q145,RESIDES_IN,Location
Q80582467,Q145,RESIDES_IN,Location
Q80584251,Q145,RESIDES_IN,Location
Q6735428,Q145,RESIDES_IN,Location
Q79684030,Q145,RESIDES_IN,Location
Q26652509,Q145,RESIDES_IN,Location
Q80582171,Q145,RESIDES_IN,Location
Q7304475,Q145,RESIDES_IN,Location
Q26284988,Q145,RESIDES_IN,Location
Q98140621,Q145,RESIDES_IN,Location
Q17779950,Q145,RESIDES_IN,Location
Q26498926,Q145,RESIDES_IN,Location
Q24023178,Q145,RESIDES_IN,Location
Q26319747,Q145,RESIDES_IN,Location
Q919646,Q145,RESIDES_IN,Location
Q26669830,Q145,RESIDES_IN,Location
Q80477124,Q145,RESIDES_IN,Location
Q26469284,Q145,RESIDES_IN,Location
Q7770502,Q145,RESIDES_IN,Location
Q29485176,Q145,RESIDES_IN,Location
Q113503012,Q145,RESIDES_IN,Location
Q26504149,Q145,RESIDES_IN,Location
Q26485786,Q145,RESIDES_IN,Location
Q26532760,Q145,RESIDES_IN,Location
Q26500728,Q145,RESIDES_IN,Location
Q79683771,Q145,RESIDES_IN,Location
Q2786319,Q145,RESIDES_IN,Location
Q80477006,Q145,RESIDES_IN,Location
Q99592046,Q145,RESIDES_IN,Location
Q61890224,Q145,RESIDES_IN,Location
Q26554229,Q145,RESIDES_IN,Location
Q2358806,Q145,RESIDES_IN,Location
Q5192253,Q145,RESIDES_IN,Location
Q30256123,Q145,RESIDES_IN,Location
Q83558990,Q145,RESIDES_IN,Location
Q18160446,Q145,RESIDES_IN,Location
Q26601579,Q145,RESIDES_IN,Location
Q101072832,Q145,RESIDES_IN,Location
Q80584118,Q145,RESIDES_IN,Location
Q26459715,Q145,RESIDES_IN,Location
Q80584164,Q145,RESIDES_IN,Location
Q88916112,Q145,RESIDES_IN,Location
Q79683844,Q145,RESIDES_IN,Location
Q26604151,Q145,RESIDES_IN,Location
Q2748565,Q145,RESIDES_IN,Location
Q80856206,Q145,RESIDES_IN,Location
Q16985379,Q145,RESIDES_IN,Location
Q83558843,Q145,RESIDES_IN,Location
Q5501083,Q145,RESIDES_IN,Location
Q19654399,Q145,RESIDES_IN,Location
Q80477248,Q145,RESIDES_IN,Location
Q26540751,Q145,RESIDES_IN,Location
Q5025595,Q145,RESIDES_IN,Location
Q26312507,Q145,RESIDES_IN,Location
Q17066359,Q145,RESIDES_IN,Location
Q80857543,Q145,RESIDES_IN,Location
Q29425469,Q145,RESIDES_IN,Location
Q924477,Q145,RESIDES_IN,Location
Q26410910,Q145,RESIDES_IN,Location
Q99592214,Q145,RESIDES_IN,Location
Q80857367,Q145,RESIDES_IN,Location
Q26561497,Q145,RESIDES_IN,Location
Q27081264,Q145,RESIDES_IN,Location
Q99592378,Q145,RESIDES_IN,Location
Q83558654,Q145,RESIDES_IN,Location
Q80856753,Q145,RESIDES_IN,Location
Q99593205,Q145,RESIDES_IN,Location
Q270077,Q145,RESIDES_IN,Location
Q80859624,Q145,RESIDES_IN,Location
Q8050740,Q145,RESIDES_IN,Location
Q4876452,Q145,RESIDES_IN,Location
Q29486128,Q145,RESIDES_IN,Location
Q83558622,Q145,RESIDES_IN,Location
Q7758738,Q145,RESIDES_IN,Location
Q79684211,Q145,RESIDES_IN,Location
Q26481822,Q145,RESIDES_IN,Location
Q61865219,Q145,RESIDES_IN,Location
Q80858737,Q145,RESIDES_IN,Location
Q16991969,Q145,RESIDES_IN,Location
Q80856525,Q145,RESIDES_IN,Location
Q372435,Q145,RESIDES_IN,Location
Q80858748,Q145,RESIDES_IN,Location
Q80585016,Q145,RESIDES_IN,Location
Q88915766,Q145,RESIDES_IN,Location
Q26262665,Q145,RESIDES_IN,Location
Q26583483,Q145,RESIDES_IN,Location
Q79683996,Q145,RESIDES_IN,Location
Q64356086,Q145,RESIDES_IN,Location
Q16986291,Q145,RESIDES_IN,Location
Q80582384,Q145,RESIDES_IN,Location
Q79684524,Q145,RESIDES_IN,Location
Q26658317,Q145,RESIDES_IN,Location
Q4974264,Q145,RESIDES_IN,Location
Q26580666,Q145,RESIDES_IN,Location
Q88967161,Q145,RESIDES_IN,Location
Q29501528,Q145,RESIDES_IN,Location
Q26624429,Q145,RESIDES_IN,Location
Q99592364,Q145,RESIDES_IN,Location
Q80582224,Q145,RESIDES_IN,Location
Q18162383,Q145,RESIDES_IN,Location
Q26555740,Q145,RESIDES_IN,Location
Q26308630,Q145,RESIDES_IN,Location
Q5566948,Q145,RESIDES_IN,Location
Q99592843,Q145,RESIDES_IN,Location
Q25172222,Q145,RESIDES_IN,Location
Q79684122,Q145,RESIDES_IN,Location
Q26469403,Q145,RESIDES_IN,Location
Q5454046,Q145,RESIDES_IN,Location
Q118046,Q145,RESIDES_IN,Location
Q26436530,Q145,RESIDES_IN,Location
Q29496286,Q145,RESIDES_IN,Location
Q80856180,Q145,RESIDES_IN,Location
Q17062119,Q145,RESIDES_IN,Location
Q26530720,Q145,RESIDES_IN,Location
Q80855232,Q145,RESIDES_IN,Location
Q1165638,Q145,RESIDES_IN,Location
Q26467507,Q145,RESIDES_IN,Location
Q26549158,Q145,RESIDES_IN,Location
Q26667213,Q145,RESIDES_IN,Location
Q26675638,Q145,RESIDES_IN,Location
Q26303584,Q145,RESIDES_IN,Location
Q6820707,Q145,RESIDES_IN,Location
Q26325955,Q145,RESIDES_IN,Location
Q16988175,Q145,RESIDES_IN,Location
Q79684097,Q145,RESIDES_IN,Location
Q79684055,Q145,RESIDES_IN,Location
Q80858440,Q145,RESIDES_IN,Location
Q26469339,Q145,RESIDES_IN,Location
Q7061499,Q145,RESIDES_IN,Location
Q26410510,Q145,RESIDES_IN,Location
Q80581390,Q145,RESIDES_IN,Location
Q26602693,Q145,RESIDES_IN,Location
Q88917740,Q145,RESIDES_IN,Location
Q50843317,Q145,RESIDES_IN,Location
Q7861646,Q145,RESIDES_IN,Location
Q80857570,Q145,RESIDES_IN,Location
Q99592375,Q145,RESIDES_IN,Location
Q59536221,Q145,RESIDES_IN,Location
Q4645896,Q145,RESIDES_IN,Location
Q6925414,Q145,RESIDES_IN,Location
Q80855855,Q145,RESIDES_IN,Location
Q26548027,Q145,RESIDES_IN,Location
Q17549897,Q145,RESIDES_IN,Location
Q26479320,Q145,RESIDES_IN,Location
Q99592316,Q145,RESIDES_IN,Location
Q26519634,Q145,RESIDES_IN,Location
Q80584099,Q145,RESIDES_IN,Location
Q5423915,Q145,RESIDES_IN,Location
Q99592436,Q145,RESIDES_IN,Location
Q4856481,Q145,RESIDES_IN,Location
Q110069874,Q145,RESIDES_IN,Location
Q26374641,Q145,RESIDES_IN,Location
Q80855026,Q145,RESIDES_IN,Location
Q4013942,Q1030,RESIDES_IN,Location
Q643626,Q145,RESIDES_IN,Location
Q80584347,Q145,RESIDES_IN,Location
Q61890223,Q145,RESIDES_IN,Location
Q3719191,Q145,RESIDES_IN,Location
Q26387527,Q145,RESIDES_IN,Location
Q27086674,Q145,RESIDES_IN,Location
Q26649735,Q145,RESIDES_IN,Location
Q2899153,Q145,RESIDES_IN,Location
Q88916800,Q145,RESIDES_IN,Location
Q80583224,Q145,RESIDES_IN,Location
Q80584312,Q145,RESIDES_IN,Location
Q17555442,Q145,RESIDES_IN,Location
Q1935533,Q79,RESIDES_IN,Location
Q7894770,Q145,RESIDES_IN,Location
Q61865227,Q145,RESIDES_IN,Location
Q83559001,Q145,RESIDES_IN,Location
Q26304741,Q145,RESIDES_IN,Location
Q19593,Q145,RESIDES_IN,Location
Q7737184,Q145,RESIDES_IN,Location
Q16947378,Q145,RESIDES_IN,Location
Q5535857,Q145,RESIDES_IN,Location
Q606013,Q145,RESIDES_IN,Location
Q5038862,Q145,RESIDES_IN,Location
Q72556691,Q145,RESIDES_IN,Location
Q88973911,Q145,RESIDES_IN,Location
Q80859815,Q145,RESIDES_IN,Location
Q33229354,Q145,RESIDES_IN,Location
Q26494019,Q145,RESIDES_IN,Location
Q80856953,Q145,RESIDES_IN,Location
Q80855701,Q145,RESIDES_IN,Location
Q26494706,Q145,RESIDES_IN,Location
Q16995691,Q145,RESIDES_IN,Location
Q26448771,Q145,RESIDES_IN,Location
Q80855723,Q145,RESIDES_IN,Location
Q29498056,Q145,RESIDES_IN,Location
Q26293398,Q145,RESIDES_IN,Location
Q29482285,Q145,RESIDES_IN,Location
Q30254133,Q145,RESIDES_IN,Location
Q4894873,Q145,RESIDES_IN,Location
Q80858780,Q145,RESIDES_IN,Location
Q26322015,Q145,RESIDES_IN,Location
Q608175,Q145,RESIDES_IN,Location
Q26460402,Q145,RESIDES_IN,Location
Q26437066,Q145,RESIDES_IN,Location
Q27082912,Q145,RESIDES_IN,Location
Q80858778,Q145,RESIDES_IN,Location
Q80584866,Q145,RESIDES_IN,Location
Q80577845,Q145,RESIDES_IN,Location
Q88917712,Q145,RESIDES_IN,Location
Q80855930,Q145,RESIDES_IN,Location
Q99592882,Q145,RESIDES_IN,Location
Q80855089,Q145,RESIDES_IN,Location
Q99593083,Q145,RESIDES_IN,Location
Q26589184,Q145,RESIDES_IN,Location
Q26287166,Q145,RESIDES_IN,Location
Q1903235,Q145,RESIDES_IN,Location
Q26548186,Q145,RESIDES_IN,Location
Q26384971,Q145,RESIDES_IN,Location
Q88967132,Q145,RESIDES_IN,Location
Q2680856,Q145,RESIDES_IN,Location
Q29504497,Q145,RESIDES_IN,Location
Q63759120,Q145,RESIDES_IN,Location
Q17017445,Q145,RESIDES_IN,Location
Q26387586,Q145,RESIDES_IN,Location
Q26583451,Q145,RESIDES_IN,Location
Q55636718,Q145,RESIDES_IN,Location
Q112614221,Q145,RESIDES_IN,Location
Q5094644,Q145,RESIDES_IN,Location
Q80585008,Q145,RESIDES_IN,Location
Q99592879,Q145,RESIDES_IN,Location
Q229764,Q145,RESIDES_IN,Location
Q26578086,Q145,RESIDES_IN,Location
Q4120526,Q145,RESIDES_IN,Location
Q80585175,Q145,RESIDES_IN,Location
Q26646172,Q145,RESIDES_IN,Location
Q4969457,Q145,RESIDES_IN,Location
Q26583044,Q145,RESIDES_IN,Location
Q80856993,Q145,RESIDES_IN,Location
Q29482609,Q145,RESIDES_IN,Location
Q80585274,Q145,RESIDES_IN,Location
Q26561491,Q145,RESIDES_IN,Location
Q79466113,Q145,RESIDES_IN,Location
Q96440268,Q145,RESIDES_IN,Location
Q4861025,Q145,RESIDES_IN,Location
Q80858859,Q145,RESIDES_IN,Location
Q22000562,Q145,RESIDES_IN,Location
Q80859699,Q145,RESIDES_IN,Location
Q5912194,Q145,RESIDES_IN,Location
Q30314935,Q145,RESIDES_IN,Location
Q3115866,Q145,RESIDES_IN,Location
Q26327404,Q145,RESIDES_IN,Location
Q79683976,Q145,RESIDES_IN,Location
Q98754957,Q145,RESIDES_IN,Location
Q29489730,Q145,RESIDES_IN,Location
Q80584200,Q145,RESIDES_IN,Location
Q3370417,Q145,RESIDES_IN,Location
Q99592596,Q145,RESIDES_IN,Location
Q26621146,Q145,RESIDES_IN,Location
Q99593090,Q145,RESIDES_IN,Location
Q80858643,Q145,RESIDES_IN,Location
Q88917091,Q145,RESIDES_IN,Location
Q1198156,Q145,RESIDES_IN,Location
Q88916435,Q145,RESIDES_IN,Location
Q80584185,Q145,RESIDES_IN,Location
Q26314082,Q145,RESIDES_IN,Location
Q26436531,Q145,RESIDES_IN,Location
Q29481507,Q145,RESIDES_IN,Location
Q80857754,Q145,RESIDES_IN,Location
Q26628083,Q145,RESIDES_IN,Location
Q5336719,Q145,RESIDES_IN,Location
Q79684114,Q145,RESIDES_IN,Location
Q826202,Q145,RESIDES_IN,Location
Q80858910,Q145,RESIDES_IN,Location
Q80857107,Q145,RESIDES_IN,Location
Q80858801,Q145,RESIDES_IN,Location
Q80584316,Q145,RESIDES_IN,Location
Q80855019,Q145,RESIDES_IN,Location
Q80855085,Q145,RESIDES_IN,Location
Q16988978,Q145,RESIDES_IN,Location
Q5455680,Q145,RESIDES_IN,Location
Q26613786,Q145,RESIDES_IN,Location
Q26507886,Q145,RESIDES_IN,Location
Q80581887,Q145,RESIDES_IN,Location
Q80583135,Q145,RESIDES_IN,Location
Q26354066,Q145,RESIDES_IN,Location
Q26442400,Q145,RESIDES_IN,Location
Q7730896,Q145,RESIDES_IN,Location
Q80856023,Q145,RESIDES_IN,Location
Q80858446,Q145,RESIDES_IN,Location
Q80585388,Q145,RESIDES_IN,Location
Q26578498,Q145,RESIDES_IN,Location
Q1986392,Q145,RESIDES_IN,Location
Q14950045,Q145,RESIDES_IN,Location
Q26453895,Q145,RESIDES_IN,Location
Q80477010,Q145,RESIDES_IN,Location
Q18205278,Q145,RESIDES_IN,Location
Q26440456,Q145,RESIDES_IN,Location
Q26396308,Q145,RESIDES_IN,Location
Q80584272,Q145,RESIDES_IN,Location
Q26614876,Q145,RESIDES_IN,Location
Q80856074,Q145,RESIDES_IN,Location
Q80477100,Q145,RESIDES_IN,Location
Q26561587,Q145,RESIDES_IN,Location
Q29481756,Q145,RESIDES_IN,Location
Q28405379,Q145,RESIDES_IN,Location
Q80856315,Q145,RESIDES_IN,Location
Q80856430,Q145,RESIDES_IN,Location
Q26579788,Q145,RESIDES_IN,Location
Q80581651,Q145,RESIDES_IN,Location
Q19873658,Q145,RESIDES_IN,Location
Q20711812,Q145,RESIDES_IN,Location
Q80857568,Q145,RESIDES_IN,Location
Q88916043,Q145,RESIDES_IN,Location
Q26533284,Q145,RESIDES_IN,Location
Q17061407,Q145,RESIDES_IN,Location
Q26436811,Q145,RESIDES_IN,Location
Q80581647,Q145,RESIDES_IN,Location
Q26507264,Q145,RESIDES_IN,Location
Q7099117,Q145,RESIDES_IN,Location
Q82455,Q145,RESIDES_IN,Location
Q80856832,Q145,RESIDES_IN,Location
Q81047835,Q145,RESIDES_IN,Location
Q26309853,Q145,RESIDES_IN,Location
Q88916069,Q145,RESIDES_IN,Location
Q80855459,Q145,RESIDES_IN,Location
Q26482913,Q145,RESIDES_IN,Location
Q26584796,Q145,RESIDES_IN,Location
Q7310479,Q145,RESIDES_IN,Location
Q80584213,Q145,RESIDES_IN,Location
Q26424806,Q145,RESIDES_IN,Location
Q80584829,Q145,RESIDES_IN,Location
Q26386814,Q145,RESIDES_IN,Location
Q88973903,Q145,RESIDES_IN,Location
Q80855836,Q145,RESIDES_IN,Location
Q80858596,Q145,RESIDES_IN,Location
Q99592181,Q145,RESIDES_IN,Location
Q79461566,Q145,RESIDES_IN,Location
Q80811098,Q145,RESIDES_IN,Location
Q5528519,Q145,RESIDES_IN,Location
Q26291399,Q145,RESIDES_IN,Location
Q66901118,Q145,RESIDES_IN,Location
Q30270499,Q145,RESIDES_IN,Location
Q26539169,Q145,RESIDES_IN,Location
Q1993220,Q145,RESIDES_IN,Location
Q26428645,Q145,RESIDES_IN,Location
Q80859688,Q145,RESIDES_IN,Location
Q13390603,Q145,RESIDES_IN,Location
Q80856390,Q145,RESIDES_IN,Location
Q80584855,Q145,RESIDES_IN,Location
Q80584152,Q145,RESIDES_IN,Location
Q27084492,Q145,RESIDES_IN,Location
Q482484,Q27,RESIDES_IN,Location
Q26461783,Q145,RESIDES_IN,Location
Q80578318,Q145,RESIDES_IN,Location
Q99592700,Q145,RESIDES_IN,Location
Q80855965,Q145,RESIDES_IN,Location
Q99592070,Q145,RESIDES_IN,Location
Q18748734,Q145,RESIDES_IN,Location
Q80856463,Q145,RESIDES_IN,Location
Q8029787,Q145,RESIDES_IN,Location
Q26581326,Q145,RESIDES_IN,Location
Q80585226,Q145,RESIDES_IN,Location
Q80855941,Q145,RESIDES_IN,Location
Q26418292,Q145,RESIDES_IN,Location
Q54788290,Q145,RESIDES_IN,Location
Q26499811,Q145,RESIDES_IN,Location
Q79683864,Q145,RESIDES_IN,Location
Q80578221,Q145,RESIDES_IN,Location
Q26302094,Q145,RESIDES_IN,Location
Q88916123,Q145,RESIDES_IN,Location
Q80581797,Q145,RESIDES_IN,Location
Q26496226,Q145,RESIDES_IN,Location
Q17026799,Q145,RESIDES_IN,Location
Q50508098,Q145,RESIDES_IN,Location
Q80578262,Q145,RESIDES_IN,Location
Q29122857,Q145,RESIDES_IN,Location
Q80585447,Q145,RESIDES_IN,Location
Q61863213,Q145,RESIDES_IN,Location
Q80583488,Q145,RESIDES_IN,Location
Q80858545,Q145,RESIDES_IN,Location
Q4633377,Q145,RESIDES_IN,Location
Q80858172,Q145,RESIDES_IN,Location
Q80858490,Q145,RESIDES_IN,Location
Q26589669,Q145,RESIDES_IN,Location
Q106798047,Q145,RESIDES_IN,Location
Q80584568,Q145,RESIDES_IN,Location
Q15139453,Q55,RESIDES_IN,Location
Q106835740,Q145,RESIDES_IN,Location
Q4035249,Q145,RESIDES_IN,Location
Q26537968,Q145,RESIDES_IN,Location
Q80578010,Q145,RESIDES_IN,Location
Q30254134,Q145,RESIDES_IN,Location
Q26485640,Q145,RESIDES_IN,Location
Q26653025,Q145,RESIDES_IN,Location
Q54130855,Q145,RESIDES_IN,Location
Q80582523,Q145,RESIDES_IN,Location
Q80477114,Q145,RESIDES_IN,Location
Q108929240,Q145,RESIDES_IN,Location
Q83558636,Q145,RESIDES_IN,Location
Q88918695,Q145,RESIDES_IN,Location
Q80578386,Q145,RESIDES_IN,Location
Q99593272,Q145,RESIDES_IN,Location
Q80476665,Q145,RESIDES_IN,Location
Q70628337,Q145,RESIDES_IN,Location
Q5417329,Q145,RESIDES_IN,Location
Q88916793,Q145,RESIDES_IN,Location
Q16825378,Q145,RESIDES_IN,Location
Q107452237,Q145,RESIDES_IN,Location
Q79684454,Q145,RESIDES_IN,Location
Q7163438,Q145,RESIDES_IN,Location
Q113164425,Q145,RESIDES_IN,Location
Q99550487,Q145,RESIDES_IN,Location
Q80582248,Q145,RESIDES_IN,Location
Q173146,Q145,RESIDES_IN,Location
Q122141,Q145,RESIDES_IN,Location
Q26397075,Q145,RESIDES_IN,Location
Q3105441,Q145,RESIDES_IN,Location
Q80584805,Q145,RESIDES_IN,Location
Q61904737,Q145,RESIDES_IN,Location
Q80858769,Q145,RESIDES_IN,Location
Q29492262,Q145,RESIDES_IN,Location
Q7079121,Q145,RESIDES_IN,Location
Q15059596,Q145,RESIDES_IN,Location
Q26481032,Q145,RESIDES_IN,Location
Q4789707,Q145,RESIDES_IN,Location
Q4654920,Q145,RESIDES_IN,Location
Q65978303,Q145,RESIDES_IN,Location
Q26546165,Q145,RESIDES_IN,Location
Q26583488,Q145,RESIDES_IN,Location
Q18161081,Q145,RESIDES_IN,Location
Q80584762,Q145,RESIDES_IN,Location
Q88967134,Q145,RESIDES_IN,Location
Q7492406,Q145,RESIDES_IN,Location
Q17444904,Q145,RESIDES_IN,Location
Q26646445,Q145,RESIDES_IN,Location
Q99592597,Q145,RESIDES_IN,Location
Q6747553,Q145,RESIDES_IN,Location
Q80858504,Q145,RESIDES_IN,Location
Q26554820,Q145,RESIDES_IN,Location
Q80859001,Q145,RESIDES_IN,Location
Q26450970,Q145,RESIDES_IN,Location
Q110420515,Q145,RESIDES_IN,Location
Q80859639,Q145,RESIDES_IN,Location
Q26547737,Q145,RESIDES_IN,Location
Q99593070,Q145,RESIDES_IN,Location
Q26287602,Q145,RESIDES_IN,Location
Q99592930,Q145,RESIDES_IN,Location
Q80581780,Q145,RESIDES_IN,Location
Q26641637,Q145,RESIDES_IN,Location
Q17020997,Q145,RESIDES_IN,Location
Q52637594,Q145,RESIDES_IN,Location
Q26416755,Q145,RESIDES_IN,Location
Q26404612,Q145,RESIDES_IN,Location
Q79684053,Q145,RESIDES_IN,Location
Q99592017,Q145,RESIDES_IN,Location
Q79684647,Q145,RESIDES_IN,Location
Q2927772,Q145,RESIDES_IN,Location
Q26434345,Q145,RESIDES_IN,Location
Q80859356,Q145,RESIDES_IN,Location
Q80581635,Q145,RESIDES_IN,Location
Q26642264,Q145,RESIDES_IN,Location
Q80581633,Q145,RESIDES_IN,Location
Q17549507,Q145,RESIDES_IN,Location
Q26521894,Q145,RESIDES_IN,Location
Q79684139,Q145,RESIDES_IN,Location
Q26631071,Q145,RESIDES_IN,Location
Q26454939,Q145,RESIDES_IN,Location
Q80581516,Q145,RESIDES_IN,Location
Q80583452,Q145,RESIDES_IN,Location
Q28121432,Q145,RESIDES_IN,Location
Q17542311,Q145,RESIDES_IN,Location
Q5133643,Q145,RESIDES_IN,Location
Q26396102,Q145,RESIDES_IN,Location
Q80578152,Q145,RESIDES_IN,Location
Q80859157,Q145,RESIDES_IN,Location
Q80857879,Q145,RESIDES_IN,Location
Q26548352,Q145,RESIDES_IN,Location
Q80859235,Q145,RESIDES_IN,Location
Q106681331,Q145,RESIDES_IN,Location
Q80857203,Q145,RESIDES_IN,Location
Q80583916,Q145,RESIDES_IN,Location
Q26527627,Q145,RESIDES_IN,Location
Q23680145,Q145,RESIDES_IN,Location
Q26493658,Q145,RESIDES_IN,Location
Q26424600,Q145,RESIDES_IN,Location
Q19587199,Q145,RESIDES_IN,Location
Q26403591,Q145,RESIDES_IN,Location
Q80856636,Q145,RESIDES_IN,Location
Q99592335,Q145,RESIDES_IN,Location
Q78192049,Q145,RESIDES_IN,Location
Q79684760,Q145,RESIDES_IN,Location
Q26310115,Q145,RESIDES_IN,Location
Q99592485,Q145,RESIDES_IN,Location
Q80476440,Q145,RESIDES_IN,Location
Q26409067,Q145,RESIDES_IN,Location
Q111753283,Q145,RESIDES_IN,Location
Q4868773,Q145,RESIDES_IN,Location
Q80582223,Q145,RESIDES_IN,Location
Q26500613,Q145,RESIDES_IN,Location
Q5441547,Q145,RESIDES_IN,Location
Q18344137,Q145,RESIDES_IN,Location
Q4969879,Q145,RESIDES_IN,Location
Q99593226,Q145,RESIDES_IN,Location
Q26578756,Q145,RESIDES_IN,Location
Q42891549,Q145,RESIDES_IN,Location
Q99592876,Q145,RESIDES_IN,Location
Q48772572,Q145,RESIDES_IN,Location
Q80584004,Q145,RESIDES_IN,Location
Q4975664,Q145,RESIDES_IN,Location
Q2905612,Q145,RESIDES_IN,Location
Q79684490,Q145,RESIDES_IN,Location
Q24993691,Q145,RESIDES_IN,Location
Q83558730,Q145,RESIDES_IN,Location
Q80856673,Q145,RESIDES_IN,Location
Q26406638,Q145,RESIDES_IN,Location
Q155152,Q183,RESIDES_IN,Location
Q80584299,Q145,RESIDES_IN,Location
Q80855150,Q145,RESIDES_IN,Location
Q4976470,Q145,RESIDES_IN,Location
Q61716258,Q145,RESIDES_IN,Location
Q21006823,Q145,RESIDES_IN,Location
Q54621344,Q145,RESIDES_IN,Location
Q80855404,Q145,RESIDES_IN,Location
Q17017208,Q145,RESIDES_IN,Location
Q31038324,Q145,RESIDES_IN,Location
Q80858822,Q145,RESIDES_IN,Location
Q98456399,Q145,RESIDES_IN,Location
Q26674618,Q145,RESIDES_IN,Location
Q80857554,Q145,RESIDES_IN,Location
Q80856098,Q145,RESIDES_IN,Location
Q17059007,Q145,RESIDES_IN,Location
Q26440642,Q145,RESIDES_IN,Location
Q557620,Q145,RESIDES_IN,Location
Q99593014,Q145,RESIDES_IN,Location
Q26592309,Q145,RESIDES_IN,Location
Q80581913,Q145,RESIDES_IN,Location
Q61915668,Q145,RESIDES_IN,Location
Q113457474,Q145,RESIDES_IN,Location
Q107978566,Q145,RESIDES_IN,Location
Q26539905,Q145,RESIDES_IN,Location
Q80582916,Q145,RESIDES_IN,Location
Q7533407,Q145,RESIDES_IN,Location
Q46992027,Q145,RESIDES_IN,Location
Q80578158,Q145,RESIDES_IN,Location
Q26473307,Q145,RESIDES_IN,Location
Q80583893,Q145,RESIDES_IN,Location
Q17027712,Q145,RESIDES_IN,Location
Q952164,Q145,RESIDES_IN,Location
Q26299079,Q145,RESIDES_IN,Location
Q26405769,Q145,RESIDES_IN,Location
Q26586232,Q145,RESIDES_IN,Location
Q80476390,Q145,RESIDES_IN,Location
Q7745280,Q145,RESIDES_IN,Location
Q26480787,Q145,RESIDES_IN,Location
Q4861027,Q145,RESIDES_IN,Location
Q9274301,Q145,RESIDES_IN,Location
Q99592447,Q145,RESIDES_IN,Location
Q1319169,Q145,RESIDES_IN,Location
Q16993504,Q145,RESIDES_IN,Location
Q26498442,Q145,RESIDES_IN,Location
Q80476821,Q145,RESIDES_IN,Location
Q7321607,Q145,RESIDES_IN,Location
Q26386639,Q145,RESIDES_IN,Location
Q80581795,Q145,RESIDES_IN,Location
Q88916099,Q145,RESIDES_IN,Location
Q80857046,Q145,RESIDES_IN,Location
Q27082945,Q145,RESIDES_IN,Location
Q80857801,Q145,RESIDES_IN,Location
Q80856226,Q145,RESIDES_IN,Location
Q29484243,Q145,RESIDES_IN,Location
Q80858525,Q145,RESIDES_IN,Location
Q29486893,Q145,RESIDES_IN,Location
Q79684274,Q145,RESIDES_IN,Location
Q16255869,Q145,RESIDES_IN,Location
Q61695754,Q145,RESIDES_IN,Location
Q79684351,Q145,RESIDES_IN,Location
Q109464887,Q145,RESIDES_IN,Location
Q80855160,Q145,RESIDES_IN,Location
Q26469233,Q145,RESIDES_IN,Location
Q4763946,Q145,RESIDES_IN,Location
Q29505526,Q145,RESIDES_IN,Location
Q99591031,Q145,RESIDES_IN,Location
Q5519902,Q145,RESIDES_IN,Location
Q17361862,Q145,RESIDES_IN,Location
Q26367660,Q145,RESIDES_IN,Location
Q5668069,Q27,RESIDES_IN,Location
Q16966284,Q145,RESIDES_IN,Location
Q29493125,Q145,RESIDES_IN,Location
Q80583885,Q145,RESIDES_IN,Location
Q26647339,Q145,RESIDES_IN,Location
Q99593100,Q145,RESIDES_IN,Location
Q26566420,Q145,RESIDES_IN,Location
Q6658601,Q145,RESIDES_IN,Location
Q80855662,Q145,RESIDES_IN,Location
Q80581802,Q145,RESIDES_IN,Location
Q88915791,Q145,RESIDES_IN,Location
Q80476837,Q145,RESIDES_IN,Location
Q30292594,Q145,RESIDES_IN,Location
Q83559698,Q145,RESIDES_IN,Location
Q106391900,Q145,RESIDES_IN,Location
Q80476341,Q145,RESIDES_IN,Location
Q8025121,Q145,RESIDES_IN,Location
Q17017461,Q145,RESIDES_IN,Location
Q7989031,Q30,RESIDES_IN,Location
Q80585454,Q145,RESIDES_IN,Location
Q26304435,Q145,RESIDES_IN,Location
Q17026928,Q145,RESIDES_IN,Location
Q80856684,Q145,RESIDES_IN,Location
Q80583012,Q145,RESIDES_IN,Location
Q80856433,Q145,RESIDES_IN,Location
Q80583283,Q145,RESIDES_IN,Location
Q51010538,Q145,RESIDES_IN,Location
Q80582766,Q145,RESIDES_IN,Location
Q80584425,Q145,RESIDES_IN,Location
Q99591696,Q145,RESIDES_IN,Location
Q79684279,Q145,RESIDES_IN,Location
Q5365851,Q145,RESIDES_IN,Location
Q858728,Q145,RESIDES_IN,Location
Q27081607,Q145,RESIDES_IN,Location
Q80856562,Q145,RESIDES_IN,Location
Q80582542,Q145,RESIDES_IN,Location
Q26564588,Q145,RESIDES_IN,Location
Q26450921,Q145,RESIDES_IN,Location
Q26590030,Q145,RESIDES_IN,Location
Q80585380,Q145,RESIDES_IN,Location
Q26531848,Q145,RESIDES_IN,Location
Q8056788,Q145,RESIDES_IN,Location
Q3683798,Q145,RESIDES_IN,Location
Q26440890,Q145,RESIDES_IN,Location
Q80859315,Q145,RESIDES_IN,Location
Q16993973,Q145,RESIDES_IN,Location
Q80859309,Q145,RESIDES_IN,Location
Q26667402,Q145,RESIDES_IN,Location
Q107533875,Q145,RESIDES_IN,Location
Q80476746,Q145,RESIDES_IN,Location
Q16844097,Q145,RESIDES_IN,Location
Q1137581,Q145,RESIDES_IN,Location
Q26568800,Q145,RESIDES_IN,Location
Q99592154,Q145,RESIDES_IN,Location
Q6437642,Q145,RESIDES_IN,Location
Q80582644,Q145,RESIDES_IN,Location
Q26397953,Q145,RESIDES_IN,Location
Q29501028,Q145,RESIDES_IN,Location
Q26418437,Q145,RESIDES_IN,Location
Q112155663,Q145,RESIDES_IN,Location
Q80856086,Q145,RESIDES_IN,Location
Q7525866,Q145,RESIDES_IN,Location
Q3069980,Q145,RESIDES_IN,Location
Q17510056,Q145,RESIDES_IN,Location
Q26482677,Q145,RESIDES_IN,Location
Q110068116,Q145,RESIDES_IN,Location
Q1783593,Q145,RESIDES_IN,Location
Q26496854,Q145,RESIDES_IN,Location
Q81047966,Q145,RESIDES_IN,Location
Q99550472,Q145,RESIDES_IN,Location
Q99592165,Q145,RESIDES_IN,Location
Q26519376,Q145,RESIDES_IN,Location
Q16931747,Q145,RESIDES_IN,Location
Q1778417,Q145,RESIDES_IN,Location
Q26487020,Q145,RESIDES_IN,Location
Q28026659,Q145,RESIDES_IN,Location
Q80583128,Q145,RESIDES_IN,Location
Q4902765,Q145,RESIDES_IN,Location
Q88917691,Q145,RESIDES_IN,Location
Q5167971,Q145,RESIDES_IN,Location
Q26583427,Q145,RESIDES_IN,Location
Q26389092,Q145,RESIDES_IN,Location
Q29482591,Q145,RESIDES_IN,Location
Q26520271,Q145,RESIDES_IN,Location
Q90821123,Q145,RESIDES_IN,Location
Q111363466,Q145,RESIDES_IN,Location
Q5249959,Q145,RESIDES_IN,Location
Q739518,Q145,RESIDES_IN,Location
Q26653438,Q145,RESIDES_IN,Location
Q26503257,Q145,RESIDES_IN,Location
Q21030950,Q145,RESIDES_IN,Location
Q26558234,Q145,RESIDES_IN,Location
Q80584540,Q145,RESIDES_IN,Location
Q80855957,Q145,RESIDES_IN,Location
Q29481201,Q145,RESIDES_IN,Location
Q26476121,Q145,RESIDES_IN,Location
Q26674044,Q145,RESIDES_IN,Location
Q7962224,Q145,RESIDES_IN,Location
Q26627160,Q145,RESIDES_IN,Location
Q99593028,Q145,RESIDES_IN,Location
Q26505412,Q145,RESIDES_IN,Location
Q99550492,Q145,RESIDES_IN,Location
Q7200908,Q145,RESIDES_IN,Location
Q81047903,Q145,RESIDES_IN,Location
Q14955156,Q145,RESIDES_IN,Location
Q80858727,Q145,RESIDES_IN,Location
Q80859747,Q145,RESIDES_IN,Location
Q80855431,Q145,RESIDES_IN,Location
Q61923973,Q145,RESIDES_IN,Location
Q4341404,Q145,RESIDES_IN,Location
Q26578793,Q145,RESIDES_IN,Location
Q99592010,Q145,RESIDES_IN,Location
Q48699908,Q145,RESIDES_IN,Location
Q26397809,Q145,RESIDES_IN,Location
Q172030,Q145,RESIDES_IN,Location
Q79683743,Q145,RESIDES_IN,Location
Q80584743,Q145,RESIDES_IN,Location
Q26380842,Q145,RESIDES_IN,Location
Q18162972,Q145,RESIDES_IN,Location
Q79684696,Q145,RESIDES_IN,Location
Q26672908,Q145,RESIDES_IN,Location
Q29490037,Q145,RESIDES_IN,Location
Q108417780,Q145,RESIDES_IN,Location
Q80856410,Q145,RESIDES_IN,Location
Q26561848,Q145,RESIDES_IN,Location
Q26643869,Q145,RESIDES_IN,Location
Q463494,Q145,RESIDES_IN,Location
Q80578212,Q145,RESIDES_IN,Location
Q7437643,Q145,RESIDES_IN,Location
Q26519968,Q145,RESIDES_IN,Location
Q79684281,Q145,RESIDES_IN,Location
Q26651219,Q145,RESIDES_IN,Location
Q80584991,Q145,RESIDES_IN,Location
Q805853,Q145,RESIDES_IN,Location
Q88916030,Q145,RESIDES_IN,Location
Q26636412,Q145,RESIDES_IN,Location
Q79684671,Q145,RESIDES_IN,Location
Q109973018,Q145,RESIDES_IN,Location
Q26644167,Q145,RESIDES_IN,Location
Q20713179,Q145,RESIDES_IN,Location
Q6385886,Q145,RESIDES_IN,Location
Q26522490,Q145,RESIDES_IN,Location
Q26318598,Q145,RESIDES_IN,Location
Q62663235,Q145,RESIDES_IN,Location
Q80857334,Q145,RESIDES_IN,Location
Q80477138,Q145,RESIDES_IN,Location
Q27907429,Q145,RESIDES_IN,Location
Q26435984,Q145,RESIDES_IN,Location
Q88916093,Q145,RESIDES_IN,Location
Q88917028,Q145,RESIDES_IN,Location
Q42341625,Q145,RESIDES_IN,Location
Q80855667,Q145,RESIDES_IN,Location
Q80856348,Q145,RESIDES_IN,Location
Q79683979,Q145,RESIDES_IN,Location
Q80584550,Q145,RESIDES_IN,Location
Q53649859,Q145,RESIDES_IN,Location
Q80476436,Q145,RESIDES_IN,Location
Q26625374,Q145,RESIDES_IN,Location
Q26608827,Q145,RESIDES_IN,Location
Q17532467,Q145,RESIDES_IN,Location
Q6823260,Q145,RESIDES_IN,Location
Q29495970,Q145,RESIDES_IN,Location
Q17741506,Q145,RESIDES_IN,Location
Q17794000,Q145,RESIDES_IN,Location
Q26506996,Q145,RESIDES_IN,Location
Q88916121,Q145,RESIDES_IN,Location
Q99593162,Q145,RESIDES_IN,Location
Q7137787,Q145,RESIDES_IN,Location
Q9293447,Q145,RESIDES_IN,Location
Q2589723,Q145,RESIDES_IN,Location
Q6168202,Q145,RESIDES_IN,Location
Q4998572,Q145,RESIDES_IN,Location
Q29489068,Q145,RESIDES_IN,Location
Q26304328,Q145,RESIDES_IN,Location
Q25111530,Q145,RESIDES_IN,Location
Q5917245,Q145,RESIDES_IN,Location
Q5017261,Q145,RESIDES_IN,Location
Q81047893,Q145,RESIDES_IN,Location
Q26576052,Q145,RESIDES_IN,Location
Q99592933,Q145,RESIDES_IN,Location
Q26444021,Q145,RESIDES_IN,Location
Q26323260,Q145,RESIDES_IN,Location
Q26388903,Q145,RESIDES_IN,Location
Q17556035,Q145,RESIDES_IN,Location
Q5943510,Q145,RESIDES_IN,Location
Q28433128,Q145,RESIDES_IN,Location
Q26497579,Q145,RESIDES_IN,Location
Q80584327,Q145,RESIDES_IN,Location
Q26387609,Q145,RESIDES_IN,Location
Q4942146,Q145,RESIDES_IN,Location
Q26619360,Q145,RESIDES_IN,Location
Q79461570,Q145,RESIDES_IN,Location
Q2222663,Q145,RESIDES_IN,Location
Q26434145,Q145,RESIDES_IN,Location
Q80856874,Q145,RESIDES_IN,Location
Q80856916,Q145,RESIDES_IN,Location
Q59627730,Q145,RESIDES_IN,Location
Q26668329,Q145,RESIDES_IN,Location
Q107529748,Q145,RESIDES_IN,Location
Q80477221,Q145,RESIDES_IN,Location
Q26527802,Q145,RESIDES_IN,Location
Q29481405,Q145,RESIDES_IN,Location
Q670413,Q145,RESIDES_IN,Location
Q26305211,Q145,RESIDES_IN,Location
Q80583517,Q145,RESIDES_IN,Location
Q80859694,Q145,RESIDES_IN,Location
Q65518082,Q145,RESIDES_IN,Location
Q29506644,Q145,RESIDES_IN,Location
Q99592372,Q145,RESIDES_IN,Location
Q80583848,Q145,RESIDES_IN,Location
Q26624091,Q145,RESIDES_IN,Location
Q80856005,Q145,RESIDES_IN,Location
Q80581468,Q145,RESIDES_IN,Location
Q79684319,Q145,RESIDES_IN,Location
Q80859764,Q145,RESIDES_IN,Location
Q43863271,Q145,RESIDES_IN,Location
Q80585448,Q145,RESIDES_IN,Location
Q79684004,Q145,RESIDES_IN,Location
Q26347398,Q145,RESIDES_IN,Location
Q71116581,Q145,RESIDES_IN,Location
Q26425569,Q145,RESIDES_IN,Location
Q80856987,Q145,RESIDES_IN,Location
Q26555290,Q145,RESIDES_IN,Location
Q80582845,Q145,RESIDES_IN,Location
Q3340012,Q145,RESIDES_IN,Location
Q5089190,Q145,RESIDES_IN,Location
Q28048518,Q145,RESIDES_IN,Location
Q5175072,Q145,RESIDES_IN,Location
Q88917009,Q145,RESIDES_IN,Location
Q1937120,Q145,RESIDES_IN,Location
Q83559005,Q145,RESIDES_IN,Location
Q80582296,Q145,RESIDES_IN,Location
Q80584489,Q145,RESIDES_IN,Location
Q5086379,Q145,RESIDES_IN,Location
Q98222852,Q145,RESIDES_IN,Location
Q7313077,Q145,RESIDES_IN,Location
Q106874663,Q145,RESIDES_IN,Location
Q6275139,Q145,RESIDES_IN,Location
Q2567775,Q145,RESIDES_IN,Location
Q1759255,Q145,RESIDES_IN,Location
Q26405291,Q145,RESIDES_IN,Location
Q26626321,Q145,RESIDES_IN,Location
Q26625749,Q145,RESIDES_IN,Location
Q26561985,Q145,RESIDES_IN,Location
Q26358222,Q145,RESIDES_IN,Location
Q80582232,Q145,RESIDES_IN,Location
Q17020730,Q145,RESIDES_IN,Location
Q88973933,Q145,RESIDES_IN,Location
Q5295525,Q145,RESIDES_IN,Location
Q80856266,Q145,RESIDES_IN,Location
Q26303922,Q145,RESIDES_IN,Location
Q80857531,Q145,RESIDES_IN,Location
Q26661591,Q145,RESIDES_IN,Location
Q80582819,Q145,RESIDES_IN,Location
Q1988059,Q145,RESIDES_IN,Location
Q29496143,Q145,RESIDES_IN,Location
Q234803,Q145,RESIDES_IN,Location
Q79683934,Q145,RESIDES_IN,Location
Q5110676,Q145,RESIDES_IN,Location
Q80584981,Q145,RESIDES_IN,Location
Q80584121,Q145,RESIDES_IN,Location
Q80855492,Q145,RESIDES_IN,Location
Q8035166,Q145,RESIDES_IN,Location
Q26606793,Q145,RESIDES_IN,Location
Q26303392,Q145,RESIDES_IN,Location
Q88917080,Q145,RESIDES_IN,Location
Q26614158,Q145,RESIDES_IN,Location
Q26629087,Q145,RESIDES_IN,Location
Q80584375,Q145,RESIDES_IN,Location
Q4983214,Q145,RESIDES_IN,Location
Q26312604,Q145,RESIDES_IN,Location
Q16997646,Q145,RESIDES_IN,Location
Q26389602,Q145,RESIDES_IN,Location
Q99591769,Q145,RESIDES_IN,Location
Q26507211,Q145,RESIDES_IN,Location
Q26453496,Q145,RESIDES_IN,Location
Q64995960,Q145,RESIDES_IN,Location
Q29492381,Q145,RESIDES_IN,Location
Q4929261,Q145,RESIDES_IN,Location
Q2755989,Q145,RESIDES_IN,Location
Q26562973,Q145,RESIDES_IN,Location
Q7568618,Q145,RESIDES_IN,Location
Q80855818,Q145,RESIDES_IN,Location
Q29488849,Q145,RESIDES_IN,Location
Q80583705,Q145,RESIDES_IN,Location
Q80585402,Q145,RESIDES_IN,Location
Q80857744,Q145,RESIDES_IN,Location
Q26469800,Q145,RESIDES_IN,Location
Q99593013,Q145,RESIDES_IN,Location
Q29484886,Q145,RESIDES_IN,Location
Q26625489,Q145,RESIDES_IN,Location
Q79684033,Q145,RESIDES_IN,Location
Q99593181,Q145,RESIDES_IN,Location
Q80584529,Q145,RESIDES_IN,Location
Q26601309,Q145,RESIDES_IN,Location
Q80857472,Q145,RESIDES_IN,Location
Q4897425,Q145,RESIDES_IN,Location
Q16988250,Q145,RESIDES_IN,Location
Q80855187,Q145,RESIDES_IN,Location
Q100255571,Q145,RESIDES_IN,Location
Q9448,Q145,RESIDES_IN,Location
Q61875787,Q145,RESIDES_IN,Location
Q26511181,Q145,RESIDES_IN,Location
Q80578407,Q145,RESIDES_IN,Location
Q79684218,Q145,RESIDES_IN,Location
Q80583816,Q145,RESIDES_IN,Location
Q80477027,Q145,RESIDES_IN,Location
Q7144558,Q145,RESIDES_IN,Location
Q7338179,Q145,RESIDES_IN,Location
Q80857931,Q145,RESIDES_IN,Location
Q80583466,Q145,RESIDES_IN,Location
Q80581760,Q145,RESIDES_IN,Location
Q79684622,Q145,RESIDES_IN,Location
Q26459511,Q145,RESIDES_IN,Location
Q5564102,Q145,RESIDES_IN,Location
Q4865798,Q145,RESIDES_IN,Location
Q80858370,Q145,RESIDES_IN,Location
Q16992302,Q145,RESIDES_IN,Location
Q88973905,Q145,RESIDES_IN,Location
Q16985641,Q145,RESIDES_IN,Location
Q26531263,Q145,RESIDES_IN,Location
Q80583042,Q145,RESIDES_IN,Location
Q26661176,Q145,RESIDES_IN,Location
Q80855564,Q145,RESIDES_IN,Location
Q80582709,Q145,RESIDES_IN,Location
Q26575045,Q145,RESIDES_IN,Location
Q80582548,Q145,RESIDES_IN,Location
Q98140668,Q145,RESIDES_IN,Location
Q3853911,Q145,RESIDES_IN,Location
Q61903185,Q145,RESIDES_IN,Location
Q26311872,Q145,RESIDES_IN,Location
Q69523770,Q145,RESIDES_IN,Location
Q746365,Q145,RESIDES_IN,Location
Q80584235,Q145,RESIDES_IN,Location
Q80584385,Q145,RESIDES_IN,Location
Q26402171,Q145,RESIDES_IN,Location
Q838832,Q145,RESIDES_IN,Location
Q4651295,Q145,RESIDES_IN,Location
Q80585161,Q145,RESIDES_IN,Location
Q26444123,Q145,RESIDES_IN,Location
Q80855812,Q145,RESIDES_IN,Location
Q80583613,Q145,RESIDES_IN,Location
Q17553875,Q145,RESIDES_IN,Location
Q26463850,Q145,RESIDES_IN,Location
Q26509049,Q145,RESIDES_IN,Location
Q29498969,Q145,RESIDES_IN,Location
Q80855114,Q145,RESIDES_IN,Location
Q26446717,Q145,RESIDES_IN,Location
Q89882546,Q145,RESIDES_IN,Location
Q80858167,Q145,RESIDES_IN,Location
Q83558900,Q145,RESIDES_IN,Location
Q26630417,Q145,RESIDES_IN,Location
Q26449942,Q145,RESIDES_IN,Location
Q80583076,Q145,RESIDES_IN,Location
Q99593161,Q145,RESIDES_IN,Location
Q26309674,Q145,RESIDES_IN,Location
Q96310972,Q145,RESIDES_IN,Location
Q99593155,Q145,RESIDES_IN,Location
Q80858149,Q145,RESIDES_IN,Location
Q699810,Q145,RESIDES_IN,Location
Q17546413,Q145,RESIDES_IN,Location
Q79684323,Q145,RESIDES_IN,Location
Q26674386,Q145,RESIDES_IN,Location
Q5453328,Q145,RESIDES_IN,Location
Q80583713,Q145,RESIDES_IN,Location
Q101044333,Q145,RESIDES_IN,Location
Q80859736,Q145,RESIDES_IN,Location
Q80581426,Q145,RESIDES_IN,Location
Q26663067,Q145,RESIDES_IN,Location
Q16993006,Q145,RESIDES_IN,Location
Q26604343,Q145,RESIDES_IN,Location
Q80858814,Q145,RESIDES_IN,Location
Q65922974,Q145,RESIDES_IN,Location
Q88917098,Q145,RESIDES_IN,Location
Q26503628,Q145,RESIDES_IN,Location
Q26644926,Q145,RESIDES_IN,Location
Q79684038,Q145,RESIDES_IN,Location
Q83558798,Q145,RESIDES_IN,Location
Q26402391,Q145,RESIDES_IN,Location
Q26416856,Q145,RESIDES_IN,Location
Q26384629,Q145,RESIDES_IN,Location
Q80857308,Q145,RESIDES_IN,Location
Q26298890,Q145,RESIDES_IN,Location
Q88915797,Q145,RESIDES_IN,Location
Q26567032,Q145,RESIDES_IN,Location
Q85593294,Q145,RESIDES_IN,Location
Q80584436,Q145,RESIDES_IN,Location
Q80582895,Q145,RESIDES_IN,Location
Q80583549,Q145,RESIDES_IN,Location
Q80583850,Q145,RESIDES_IN,Location
Q99592975,Q145,RESIDES_IN,Location
Q29504470,Q145,RESIDES_IN,Location
Q29482043,Q145,RESIDES_IN,Location
Q80857966,Q145,RESIDES_IN,Location
Q4045077,Q145,RESIDES_IN,Location
Q99593045,Q145,RESIDES_IN,Location
Q26548365,Q145,RESIDES_IN,Location
Q26652285,Q145,RESIDES_IN,Location
Q26482179,Q145,RESIDES_IN,Location
Q99591703,Q145,RESIDES_IN,Location
Q80585041,Q145,RESIDES_IN,Location
Q80583645,Q145,RESIDES_IN,Location
Q1627928,Q145,RESIDES_IN,Location
Q1603071,Q145,RESIDES_IN,Location
Q494917,Q145,RESIDES_IN,Location
Q17557426,Q145,RESIDES_IN,Location
Q80582637,Q145,RESIDES_IN,Location
Q26619113,Q145,RESIDES_IN,Location
Q80857023,Q145,RESIDES_IN,Location
Q28403206,Q145,RESIDES_IN,Location
Q4975947,Q145,RESIDES_IN,Location
Q80859142,Q145,RESIDES_IN,Location
Q26443629,Q145,RESIDES_IN,Location
Q80581519,Q145,RESIDES_IN,Location
Q17547560,Q145,RESIDES_IN,Location
Q7114191,Q145,RESIDES_IN,Location
Q80857647,Q145,RESIDES_IN,Location
Q80855953,Q145,RESIDES_IN,Location
Q99964922,Q145,RESIDES_IN,Location
Q4728624,Q145,RESIDES_IN,Location
Q99591919,Q145,RESIDES_IN,Location
Q192775,Q145,RESIDES_IN,Location
Q88916449,Q145,RESIDES_IN,Location
Q80578306,Q145,RESIDES_IN,Location
Q2414574,Q145,RESIDES_IN,Location
Q61863211,Q145,RESIDES_IN,Location
Q80582007,Q145,RESIDES_IN,Location
Q88916415,Q145,RESIDES_IN,Location
Q99592941,Q145,RESIDES_IN,Location
Q99592160,Q145,RESIDES_IN,Location
Q4865350,Q145,RESIDES_IN,Location
Q80856125,Q145,RESIDES_IN,Location
Q80855996,Q145,RESIDES_IN,Location
Q99592052,Q145,RESIDES_IN,Location
Q80584640,Q145,RESIDES_IN,Location
Q88916804,Q145,RESIDES_IN,Location
Q55605646,Q145,RESIDES_IN,Location
Q263465,Q145,RESIDES_IN,Location
Q26563365,Q145,RESIDES_IN,Location
Q80583744,Q145,RESIDES_IN,Location
Q80857730,Q145,RESIDES_IN,Location
Q99592931,Q145,RESIDES_IN,Location
Q88973891,Q145,RESIDES_IN,Location
Q26562036,Q145,RESIDES_IN,Location
Q26492372,Q145,RESIDES_IN,Location
Q80583765,Q145,RESIDES_IN,Location
Q7569853,Q145,RESIDES_IN,Location
Q80856749,Q145,RESIDES_IN,Location
Q26394354,Q145,RESIDES_IN,Location
Q80857562,Q145,RESIDES_IN,Location
Q26613660,Q145,RESIDES_IN,Location
Q6469209,Q145,RESIDES_IN,Location
Q80859003,Q145,RESIDES_IN,Location
Q70628237,Q145,RESIDES_IN,Location
Q99591730,Q145,RESIDES_IN,Location
Q26415816,Q145,RESIDES_IN,Location
Q80581659,Q145,RESIDES_IN,Location
Q26521857,Q145,RESIDES_IN,Location
Q79684631,Q145,RESIDES_IN,Location
Q80584703,Q145,RESIDES_IN,Location
Q99938733,Q145,RESIDES_IN,Location
Q26315912,Q145,RESIDES_IN,Location
Q26430608,Q145,RESIDES_IN,Location
Q27084059,Q145,RESIDES_IN,Location
Q59537108,Q145,RESIDES_IN,Location
Q26471180,Q145,RESIDES_IN,Location
Q18389069,Q145,RESIDES_IN,Location
Q80585123,Q145,RESIDES_IN,Location
Q26515818,Q145,RESIDES_IN,Location
Q105672184,Q145,RESIDES_IN,Location
Q80583310,Q145,RESIDES_IN,Location
Q26549756,Q145,RESIDES_IN,Location
Q29491334,Q145,RESIDES_IN,Location
Q4760323,Q145,RESIDES_IN,Location
Q4943949,Q145,RESIDES_IN,Location
Q27083432,Q145,RESIDES_IN,Location
Q26560837,Q145,RESIDES_IN,Location
Q80585405,Q145,RESIDES_IN,Location
Q26547353,Q145,RESIDES_IN,Location
Q26574980,Q145,RESIDES_IN,Location
Q26552532,Q145,RESIDES_IN,Location
Q7655988,Q145,RESIDES_IN,Location
Q29490340,Q145,RESIDES_IN,Location
Q18159990,Q145,RESIDES_IN,Location
Q108829640,Q145,RESIDES_IN,Location
Q88916369,Q145,RESIDES_IN,Location
Q80855220,Q145,RESIDES_IN,Location
Q26586430,Q145,RESIDES_IN,Location
Q99593241,Q145,RESIDES_IN,Location
Q5671849,Q145,RESIDES_IN,Location
Q99593238,Q145,RESIDES_IN,Location
Q61865217,Q145,RESIDES_IN,Location
Q99592007,Q145,RESIDES_IN,Location
Q26622076,Q145,RESIDES_IN,Location
Q80583557,Q145,RESIDES_IN,Location
Q17552695,Q145,RESIDES_IN,Location
Q1419438,Q145,RESIDES_IN,Location
Q80857038,Q145,RESIDES_IN,Location
Q26435930,Q145,RESIDES_IN,Location
Q80581460,Q145,RESIDES_IN,Location
Q70628402,Q145,RESIDES_IN,Location
Q18392891,Q145,RESIDES_IN,Location
Q29486915,Q145,RESIDES_IN,Location
Q26353856,Q145,RESIDES_IN,Location
Q80578401,Q145,RESIDES_IN,Location
Q99591043,Q145,RESIDES_IN,Location
Q80855251,Q145,RESIDES_IN,Location
Q29502946,Q145,RESIDES_IN,Location
Q26585706,Q145,RESIDES_IN,Location
Q80857951,Q145,RESIDES_IN,Location
Q104863919,Q145,RESIDES_IN,Location
Q18708798,Q145,RESIDES_IN,Location
Q15548291,Q145,RESIDES_IN,Location
Q55099395,Q145,RESIDES_IN,Location
Q80858497,Q145,RESIDES_IN,Location
Q7084805,Q145,RESIDES_IN,Location
Q26445066,Q145,RESIDES_IN,Location
Q99592712,Q145,RESIDES_IN,Location
Q14956842,Q145,RESIDES_IN,Location
Q80856766,Q145,RESIDES_IN,Location
Q246097,Q145,RESIDES_IN,Location
Q26569880,Q145,RESIDES_IN,Location
Q29855,Q145,RESIDES_IN,Location
Q80857557,Q145,RESIDES_IN,Location
Q80859113,Q145,RESIDES_IN,Location
Q26579307,Q145,RESIDES_IN,Location
Q26425076,Q145,RESIDES_IN,Location
Q1662481,Q30,RESIDES_IN,Location
Q24073690,Q145,RESIDES_IN,Location
Q203059,Q145,RESIDES_IN,Location
Q61923980,Q145,RESIDES_IN,Location
Q80583601,Q145,RESIDES_IN,Location
Q80855945,Q145,RESIDES_IN,Location
Q80578093,Q145,RESIDES_IN,Location
Q593786,Q145,RESIDES_IN,Location
Q99591745,Q145,RESIDES_IN,Location
Q67180232,Q145,RESIDES_IN,Location
Q26653333,Q145,RESIDES_IN,Location
Q99593223,Q145,RESIDES_IN,Location
Q83558664,Q145,RESIDES_IN,Location
Q6875511,Q145,RESIDES_IN,Location
Q88917726,Q145,RESIDES_IN,Location
Q26530080,Q145,RESIDES_IN,Location
Q26624224,Q145,RESIDES_IN,Location
Q17056725,Q145,RESIDES_IN,Location
Q80859608,Q145,RESIDES_IN,Location
Q80584720,Q145,RESIDES_IN,Location
Q4745963,Q145,RESIDES_IN,Location
Q680946,Q145,RESIDES_IN,Location
Q80581906,Q145,RESIDES_IN,Location
Q27081696,Q145,RESIDES_IN,Location
Q26617036,Q145,RESIDES_IN,Location
Q7681172,Q145,RESIDES_IN,Location
Q79461600,Q145,RESIDES_IN,Location
Q17549819,Q145,RESIDES_IN,Location
Q80577865,Q145,RESIDES_IN,Location
Q80584859,Q145,RESIDES_IN,Location
Q80859411,Q145,RESIDES_IN,Location
Q99592059,Q145,RESIDES_IN,Location
Q80856678,Q145,RESIDES_IN,Location
Q80584337,Q145,RESIDES_IN,Location
Q26277392,Q145,RESIDES_IN,Location
Q26473223,Q145,RESIDES_IN,Location
Q61862575,Q145,RESIDES_IN,Location
Q80583031,Q145,RESIDES_IN,Location
Q80856465,Q145,RESIDES_IN,Location
Q6805562,Q145,RESIDES_IN,Location
Q99592551,Q145,RESIDES_IN,Location
Q79683888,Q145,RESIDES_IN,Location
Q26613675,Q145,RESIDES_IN,Location
Q105221692,Q145,RESIDES_IN,Location
Q27085338,Q145,RESIDES_IN,Location
Q99593451,Q145,RESIDES_IN,Location
Q1397778,Q145,RESIDES_IN,Location
Q16985037,Q145,RESIDES_IN,Location
Q26313957,Q145,RESIDES_IN,Location
Q8068364,Q145,RESIDES_IN,Location
Q26362638,Q145,RESIDES_IN,Location
Q79684064,Q145,RESIDES_IN,Location
Q16828673,Q145,RESIDES_IN,Location
Q26588855,Q145,RESIDES_IN,Location
Q80476769,Q145,RESIDES_IN,Location
Q88917676,Q145,RESIDES_IN,Location
Q26413179,Q145,RESIDES_IN,Location
Q26646628,Q145,RESIDES_IN,Location
Q17530896,Q145,RESIDES_IN,Location
Q26624971,Q145,RESIDES_IN,Location
Q80858518,Q145,RESIDES_IN,Location
Q80859672,Q145,RESIDES_IN,Location
Q80583204,Q145,RESIDES_IN,Location
Q104823916,Q145,RESIDES_IN,Location
Q80583206,Q145,RESIDES_IN,Location
Q21008686,Q145,RESIDES_IN,Location
Q26488647,Q145,RESIDES_IN,Location
Q26441677,Q145,RESIDES_IN,Location
Q16976147,Q145,RESIDES_IN,Location
Q26549042,Q145,RESIDES_IN,Location
Q80859265,Q145,RESIDES_IN,Location
Q80856393,Q145,RESIDES_IN,Location
Q99592476,Q145,RESIDES_IN,Location
Q17846948,Q145,RESIDES_IN,Location
Q61863216,Q145,RESIDES_IN,Location
Q4045977,Q38,RESIDES_IN,Location
Q80583304,Q145,RESIDES_IN,Location
Q80584345,Q145,RESIDES_IN,Location
Q29490426,Q145,RESIDES_IN,Location
Q55263377,Q924,RESIDES_IN,Location
Q16838155,Q145,RESIDES_IN,Location
Q6973419,Q145,RESIDES_IN,Location
Q5179055,Q145,RESIDES_IN,Location
Q80584658,Q145,RESIDES_IN,Location
Q88916106,Q145,RESIDES_IN,Location
Q83559702,Q145,RESIDES_IN,Location
Q26558796,Q145,RESIDES_IN,Location
Q90139803,Q145,RESIDES_IN,Location
Q5452013,Q145,RESIDES_IN,Location
Q61915322,Q145,RESIDES_IN,Location
Q113579669,Q145,RESIDES_IN,Location
Q26348258,Q145,RESIDES_IN,Location
Q97342443,Q145,RESIDES_IN,Location
Q4795774,Q145,RESIDES_IN,Location
Q80581619,Q145,RESIDES_IN,Location
Q99592676,Q145,RESIDES_IN,Location
Q80856138,Q145,RESIDES_IN,Location
Q5457150,Q145,RESIDES_IN,Location
Q80856482,Q145,RESIDES_IN,Location
Q26577200,Q145,RESIDES_IN,Location
Q29488187,Q145,RESIDES_IN,Location
Q735415,Q145,RESIDES_IN,Location
Q81047817,Q145,RESIDES_IN,Location
Q99592022,Q145,RESIDES_IN,Location
Q80855209,Q145,RESIDES_IN,Location
Q17538904,Q145,RESIDES_IN,Location
Q80581961,Q145,RESIDES_IN,Location
Q26652639,Q145,RESIDES_IN,Location
Q11667202,Q145,RESIDES_IN,Location
Q26412409,Q145,RESIDES_IN,Location
Q99593036,Q145,RESIDES_IN,Location
Q88916742,Q145,RESIDES_IN,Location
Q26594102,Q145,RESIDES_IN,Location
Q80585258,Q145,RESIDES_IN,Location
Q25172231,Q145,RESIDES_IN,Location
Q26409293,Q145,RESIDES_IN,Location
Q80855367,Q145,RESIDES_IN,Location
Q26584105,Q145,RESIDES_IN,Location
Q80582788,Q145,RESIDES_IN,Location
Q80583786,Q145,RESIDES_IN,Location
Q99592173,Q145,RESIDES_IN,Location
Q160126,Q145,RESIDES_IN,Location
Q17557727,Q145,RESIDES_IN,Location
Q961148,Q145,RESIDES_IN,Location
Q89212210,Q145,RESIDES_IN,Location
Q7752321,Q145,RESIDES_IN,Location
Q4879766,Q145,RESIDES_IN,Location
Q99591905,Q145,RESIDES_IN,Location
Q26497907,Q145,RESIDES_IN,Location
Q80584078,Q145,RESIDES_IN,Location
Q80855374,Q145,RESIDES_IN,Location
Q26490942,Q145,RESIDES_IN,Location
Q26573583,Q145,RESIDES_IN,Location
Q26494373,Q145,RESIDES_IN,Location
Q26587607,Q145,RESIDES_IN,Location
Q26644941,Q145,RESIDES_IN,Location
Q1465461,Q145,RESIDES_IN,Location
Q2093972,Q145,RESIDES_IN,Location
Q26302179,Q145,RESIDES_IN,Location
Q7719487,Q145,RESIDES_IN,Location
Q80584264,Q145,RESIDES_IN,Location
Q26535601,Q145,RESIDES_IN,Location
Q26538144,Q145,RESIDES_IN,Location
Q15260140,Q145,RESIDES_IN,Location
Q26629704,Q145,RESIDES_IN,Location
Q26630794,Q145,RESIDES_IN,Location
Q80583232,Q145,RESIDES_IN,Location
Q80582826,Q145,RESIDES_IN,Location
Q26625202,Q145,RESIDES_IN,Location
Q80859347,Q145,RESIDES_IN,Location
Q27087166,Q145,RESIDES_IN,Location
Q83558995,Q145,RESIDES_IN,Location
Q4943180,Q145,RESIDES_IN,Location
Q88915736,Q145,RESIDES_IN,Location
Q26607861,Q145,RESIDES_IN,Location
Q26488849,Q145,RESIDES_IN,Location
Q26576532,Q145,RESIDES_IN,Location
Q99593158,Q145,RESIDES_IN,Location
Q16846398,Q145,RESIDES_IN,Location
Q8022185,Q145,RESIDES_IN,Location
Q7374309,Q145,RESIDES_IN,Location
Q99591698,Q145,RESIDES_IN,Location
Q61903194,Q145,RESIDES_IN,Location
Q61862564,Q145,RESIDES_IN,Location
Q17062311,Q145,RESIDES_IN,Location
Q26546061,Q145,RESIDES_IN,Location
Q26525683,Q145,RESIDES_IN,Location
Q17986739,Q145,RESIDES_IN,Location
Q80583328,Q145,RESIDES_IN,Location
Q29490468,Q145,RESIDES_IN,Location
Q5182270,Q145,RESIDES_IN,Location
Q88916744,Q145,RESIDES_IN,Location
Q99593003,Q145,RESIDES_IN,Location
Q26300639,Q145,RESIDES_IN,Location
Q29483618,Q145,RESIDES_IN,Location
Q80578164,Q145,RESIDES_IN,Location
Q80583580,Q145,RESIDES_IN,Location
Q80583986,Q145,RESIDES_IN,Location
Q26658212,Q145,RESIDES_IN,Location
Q26479162,Q145,RESIDES_IN,Location
Q666494,Q145,RESIDES_IN,Location
Q80582877,Q145,RESIDES_IN,Location
Q26547300,Q145,RESIDES_IN,Location
Q64152343,Q145,RESIDES_IN,Location
Q99592543,Q145,RESIDES_IN,Location
Q5357804,Q145,RESIDES_IN,Location
Q80857527,Q145,RESIDES_IN,Location
Q26669679,Q145,RESIDES_IN,Location
Q75240338,Q145,RESIDES_IN,Location
Q26449343,Q145,RESIDES_IN,Location
Q2913458,Q145,RESIDES_IN,Location
Q79684360,Q145,RESIDES_IN,Location
Q105825126,Q145,RESIDES_IN,Location
Q26299270,Q145,RESIDES_IN,Location
Q110728545,Q145,RESIDES_IN,Location
Q26290815,Q145,RESIDES_IN,Location
Q99593023,Q145,RESIDES_IN,Location
Q18161691,Q145,RESIDES_IN,Location
Q26616264,Q145,RESIDES_IN,Location
Q80477286,Q145,RESIDES_IN,Location
Q26537539,Q145,RESIDES_IN,Location
Q29497202,Q145,RESIDES_IN,Location
Q7319660,Q145,RESIDES_IN,Location
Q26469108,Q145,RESIDES_IN,Location
Q80584468,Q145,RESIDES_IN,Location
Q80476959,Q145,RESIDES_IN,Location
Q26279513,Q145,RESIDES_IN,Location
Q80581707,Q145,RESIDES_IN,Location
Q26621950,Q145,RESIDES_IN,Location
Q955545,Q145,RESIDES_IN,Location
Q79684510,Q145,RESIDES_IN,Location
Q7429657,Q145,RESIDES_IN,Location
Q80578101,Q145,RESIDES_IN,Location
Q1296978,Q145,RESIDES_IN,Location
Q26489351,Q145,RESIDES_IN,Location
Q17536531,Q145,RESIDES_IN,Location
Q807961,Q145,RESIDES_IN,Location
Q61165878,Q145,RESIDES_IN,Location
Q26404848,Q145,RESIDES_IN,Location
Q1435010,Q218,RESIDES_IN,Location
Q88916356,Q145,RESIDES_IN,Location
Q80855708,Q145,RESIDES_IN,Location
Q79684092,Q145,RESIDES_IN,Location
Q80477256,Q145,RESIDES_IN,Location
Q6244679,Q145,RESIDES_IN,Location
Q21008564,Q145,RESIDES_IN,Location
Q26436179,Q145,RESIDES_IN,Location
Q23461961,Q145,RESIDES_IN,Location
Q107523662,Q145,RESIDES_IN,Location
Q7268761,Q145,RESIDES_IN,Location
Q26501721,Q145,RESIDES_IN,Location
Q17030743,Q145,RESIDES_IN,Location
Q99593247,Q145,RESIDES_IN,Location
Q4698669,Q145,RESIDES_IN,Location
Q24298870,Q145,RESIDES_IN,Location
Q80856864,Q145,RESIDES_IN,Location
Q26477529,Q145,RESIDES_IN,Location
Q26535857,Q145,RESIDES_IN,Location
Q80856028,Q145,RESIDES_IN,Location
Q88917763,Q145,RESIDES_IN,Location
Q80859587,Q145,RESIDES_IN,Location
Q21061591,Q145,RESIDES_IN,Location
Q80477146,Q145,RESIDES_IN,Location
Q26413110,Q145,RESIDES_IN,Location
Q26476977,Q145,RESIDES_IN,Location
Q18343921,Q145,RESIDES_IN,Location
Q80584772,Q145,RESIDES_IN,Location
Q80859195,Q145,RESIDES_IN,Location
Q26342829,Q145,RESIDES_IN,Location
Q88915748,Q145,RESIDES_IN,Location
Q80857857,Q145,RESIDES_IN,Location
Q26577789,Q145,RESIDES_IN,Location
Q99592565,Q145,RESIDES_IN,Location
Q26589447,Q145,RESIDES_IN,Location
Q819721,Q145,RESIDES_IN,Location
Q7835944,Q145,RESIDES_IN,Location
Q26465353,Q145,RESIDES_IN,Location
Q26500936,Q145,RESIDES_IN,Location
Q80858761,Q145,RESIDES_IN,Location
Q26652517,Q145,RESIDES_IN,Location
Q80856608,Q145,RESIDES_IN,Location
Q4971009,Q145,RESIDES_IN,Location
Q80858207,Q145,RESIDES_IN,Location
Q80582237,Q145,RESIDES_IN,Location
Q7593174,Q145,RESIDES_IN,Location
Q26414055,Q145,RESIDES_IN,Location
Q26635814,Q145,RESIDES_IN,Location
Q80859053,Q145,RESIDES_IN,Location
Q5764637,Q145,RESIDES_IN,Location
Q7512312,Q145,RESIDES_IN,Location
Q114056176,Q145,RESIDES_IN,Location
Q29485898,Q145,RESIDES_IN,Location
Q80476690,Q145,RESIDES_IN,Location
Q99591047,Q145,RESIDES_IN,Location
Q80855269,Q145,RESIDES_IN,Location
Q88965904,Q145,RESIDES_IN,Location
Q26542663,Q145,RESIDES_IN,Location
Q7579661,Q145,RESIDES_IN,Location
Q2170992,Q145,RESIDES_IN,Location
Q77416106,Q145,RESIDES_IN,Location
Q1516125,Q145,RESIDES_IN,Location
Q61786999,Q145,RESIDES_IN,Location
Q80583666,Q145,RESIDES_IN,Location
Q88917332,Q145,RESIDES_IN,Location
Q934983,Q145,RESIDES_IN,Location
Q911587,Q145,RESIDES_IN,Location
Q15966937,Q145,RESIDES_IN,Location
Q294317,Q30,RESIDES_IN,Location
Q80858520,Q145,RESIDES_IN,Location
Q111818653,Q145,RESIDES_IN,Location
Q88917012,Q145,RESIDES_IN,Location
Q99592169,Q145,RESIDES_IN,Location
Q3237793,Q145,RESIDES_IN,Location
Q80583770,Q145,RESIDES_IN,Location
Q61902599,Q145,RESIDES_IN,Location
Q7876554,Q145,RESIDES_IN,Location
Q2307159,Q145,RESIDES_IN,Location
Q87752875,Q145,RESIDES_IN,Location
Q80585391,Q145,RESIDES_IN,Location
Q26450546,Q145,RESIDES_IN,Location
Q17066576,Q145,RESIDES_IN,Location
Q7754805,Q145,RESIDES_IN,Location
Q88916394,Q145,RESIDES_IN,Location
Q26614154,Q145,RESIDES_IN,Location
Q26384633,Q145,RESIDES_IN,Location
Q112052578,Q145,RESIDES_IN,Location
Q4807056,Q145,RESIDES_IN,Location
Q80858485,Q145,RESIDES_IN,Location
Q80585327,Q145,RESIDES_IN,Location
Q26547301,Q145,RESIDES_IN,Location
Q26548735,Q145,RESIDES_IN,Location
Q26468898,Q145,RESIDES_IN,Location
Q26421181,Q145,RESIDES_IN,Location
Q22236270,Q145,RESIDES_IN,Location
Q1140807,Q145,RESIDES_IN,Location
Q99593227,Q145,RESIDES_IN,Location
Q80582352,Q145,RESIDES_IN,Location
Q26518516,Q145,RESIDES_IN,Location
Q26578905,Q145,RESIDES_IN,Location
Q80585210,Q145,RESIDES_IN,Location
Q223429,Q145,RESIDES_IN,Location
Q97619412,Q145,RESIDES_IN,Location
Q80857112,Q145,RESIDES_IN,Location
Q26547400,Q145,RESIDES_IN,Location
Q80584136,Q145,RESIDES_IN,Location
Q25558215,Q145,RESIDES_IN,Location
Q99592546,Q145,RESIDES_IN,Location
Q80859208,Q145,RESIDES_IN,Location
Q856411,Q145,RESIDES_IN,Location
Q21008694,Q145,RESIDES_IN,Location
Q5677759,Q145,RESIDES_IN,Location
Q79684431,Q145,RESIDES_IN,Location
Q80578031,Q145,RESIDES_IN,Location
Q80581538,Q145,RESIDES_IN,Location
Q17020230,Q145,RESIDES_IN,Location
Q15221133,Q145,RESIDES_IN,Location
Q80583756,Q145,RESIDES_IN,Location
Q80858895,Q145,RESIDES_IN,Location
Q80476768,Q145,RESIDES_IN,Location
Q26300593,Q145,RESIDES_IN,Location
Q80582843,Q145,RESIDES_IN,Location
Q26468412,Q145,RESIDES_IN,Location
Q99591719,Q145,RESIDES_IN,Location
Q61904782,Q145,RESIDES_IN,Location
Q26649984,Q145,RESIDES_IN,Location
Q26571001,Q145,RESIDES_IN,Location
Q17021189,Q145,RESIDES_IN,Location
Q80476548,Q145,RESIDES_IN,Location
Q80856479,Q145,RESIDES_IN,Location
Q19840922,Q145,RESIDES_IN,Location
Q80583460,Q145,RESIDES_IN,Location
Q5017262,Q145,RESIDES_IN,Location
Q15979557,Q145,RESIDES_IN,Location
Q80855960,Q145,RESIDES_IN,Location
Q79684608,Q145,RESIDES_IN,Location
Q29482083,Q145,RESIDES_IN,Location
Q80583231,Q145,RESIDES_IN,Location
Q26451370,Q145,RESIDES_IN,Location
Q80859598,Q145,RESIDES_IN,Location
Q81047981,Q145,RESIDES_IN,Location
Q10460918,Q145,RESIDES_IN,Location
Q1150147,Q145,RESIDES_IN,Location
Q16997720,Q145,RESIDES_IN,Location
Q88915761,Q145,RESIDES_IN,Location
Q26656085,Q145,RESIDES_IN,Location
Q80583800,Q145,RESIDES_IN,Location
Q26436638,Q145,RESIDES_IN,Location
Q26355880,Q145,RESIDES_IN,Location
Q79684021,Q145,RESIDES_IN,Location
Q7018146,Q145,RESIDES_IN,Location
Q80856686,Q145,RESIDES_IN,Location
Q80583066,Q145,RESIDES_IN,Location
Q982705,Q145,RESIDES_IN,Location
Q30270677,Q145,RESIDES_IN,Location
Q16995139,Q145,RESIDES_IN,Location
Q26309801,Q145,RESIDES_IN,Location
Q80585043,Q145,RESIDES_IN,Location
Q80584342,Q145,RESIDES_IN,Location
Q21061949,Q145,RESIDES_IN,Location
Q80858274,Q145,RESIDES_IN,Location
Q81047968,Q145,RESIDES_IN,Location
Q27084775,Q145,RESIDES_IN,Location
Q26585371,Q145,RESIDES_IN,Location
Q24908299,Q145,RESIDES_IN,Location
Q5306688,Q145,RESIDES_IN,Location
Q60540983,Q145,RESIDES_IN,Location
Q26445231,Q145,RESIDES_IN,Location
Q15978971,Q145,RESIDES_IN,Location
Q26632510,Q145,RESIDES_IN,Location
Q99591858,Q145,RESIDES_IN,Location
Q114599024,Q145,RESIDES_IN,Location
Q7072245,Q145,RESIDES_IN,Location
Q79684588,Q145,RESIDES_IN,Location
Q27991271,Q145,RESIDES_IN,Location
Q26474855,Q145,RESIDES_IN,Location
Q99591879,Q145,RESIDES_IN,Location
Q70628412,Q145,RESIDES_IN,Location
Q26405472,Q145,RESIDES_IN,Location
Q26667652,Q145,RESIDES_IN,Location
Q26466416,Q145,RESIDES_IN,Location
Q6956297,Q145,RESIDES_IN,Location
Q7071695,Q145,RESIDES_IN,Location
Q102238814,Q145,RESIDES_IN,Location
Q80476892,Q145,RESIDES_IN,Location
Q26637947,Q145,RESIDES_IN,Location
Q26650080,Q145,RESIDES_IN,Location
Q99593228,Q145,RESIDES_IN,Location
Q83559692,Q145,RESIDES_IN,Location
Q80476906,Q145,RESIDES_IN,Location
Q26552059,Q145,RESIDES_IN,Location
Q80856889,Q145,RESIDES_IN,Location
Q99592833,Q145,RESIDES_IN,Location
Q80581411,Q145,RESIDES_IN,Location
Q26550642,Q145,RESIDES_IN,Location
Q99593250,Q145,RESIDES_IN,Location
Q80859160,Q145,RESIDES_IN,Location
Q70628298,Q145,RESIDES_IN,Location
Q17535673,Q145,RESIDES_IN,Location
Q99591052,Q145,RESIDES_IN,Location
Q88967177,Q145,RESIDES_IN,Location
Q80476662,Q145,RESIDES_IN,Location
Q26547462,Q145,RESIDES_IN,Location
Q80582304,Q145,RESIDES_IN,Location
Q80856413,Q145,RESIDES_IN,Location
Q88917023,Q145,RESIDES_IN,Location
Q107856699,Q145,RESIDES_IN,Location
Q26583512,Q145,RESIDES_IN,Location
Q83558683,Q145,RESIDES_IN,Location
Q26505592,Q145,RESIDES_IN,Location
Q26528950,Q145,RESIDES_IN,Location
Q18160030,Q145,RESIDES_IN,Location
Q17777802,Q145,RESIDES_IN,Location
Q80476930,Q145,RESIDES_IN,Location
Q26483576,Q145,RESIDES_IN,Location
Q26417243,Q145,RESIDES_IN,Location
Q99593098,Q145,RESIDES_IN,Location
Q7741370,Q145,RESIDES_IN,Location
Q80584701,Q145,RESIDES_IN,Location
Q105078879,Q27,RESIDES_IN,Location
Q99592004,Q145,RESIDES_IN,Location
Q80476476,Q145,RESIDES_IN,Location
Q5089491,Q145,RESIDES_IN,Location
Q61916232,Q145,RESIDES_IN,Location
Q80583148,Q145,RESIDES_IN,Location
Q80855408,Q145,RESIDES_IN,Location
Q80859128,Q145,RESIDES_IN,Location
Q61862578,Q145,RESIDES_IN,Location
Q26381707,Q145,RESIDES_IN,Location
Q7734991,Q145,RESIDES_IN,Location
Q80581919,Q145,RESIDES_IN,Location
Q26432320,Q145,RESIDES_IN,Location
Q26475881,Q145,RESIDES_IN,Location
Q80857461,Q145,RESIDES_IN,Location
Q26392106,Q145,RESIDES_IN,Location
Q29482019,Q145,RESIDES_IN,Location
Q18391352,Q145,RESIDES_IN,Location
Q26512264,Q145,RESIDES_IN,Location
Q190464,Q145,RESIDES_IN,Location
Q88916146,Q145,RESIDES_IN,Location
Q26363858,Q145,RESIDES_IN,Location
Q88917078,Q145,RESIDES_IN,Location
Q26477732,Q145,RESIDES_IN,Location
Q26613909,Q145,RESIDES_IN,Location
Q77746676,Q145,RESIDES_IN,Location
Q37858682,Q145,RESIDES_IN,Location
Q6984027,Q145,RESIDES_IN,Location
Q5654909,Q145,RESIDES_IN,Location
Q1785826,Q145,RESIDES_IN,Location
Q64363310,Q145,RESIDES_IN,Location
Q7984154,Q145,RESIDES_IN,Location
Q80477360,Q145,RESIDES_IN,Location
Q26629289,Q145,RESIDES_IN,Location
Q26640490,Q145,RESIDES_IN,Location
Q107344382,Q145,RESIDES_IN,Location
Q27080326,Q145,RESIDES_IN,Location
Q33039138,Q145,RESIDES_IN,Location
Q80856034,Q145,RESIDES_IN,Location
Q66717800,Q145,RESIDES_IN,Location
Q80858672,Q145,RESIDES_IN,Location
Q81047987,Q145,RESIDES_IN,Location
Q83558942,Q145,RESIDES_IN,Location
Q7894780,Q145,RESIDES_IN,Location
Q99593153,Q145,RESIDES_IN,Location
Q773989,Q145,RESIDES_IN,Location
Q79684532,Q145,RESIDES_IN,Location
Q29488927,Q145,RESIDES_IN,Location
Q26291188,Q145,RESIDES_IN,Location
Q61903191,Q145,RESIDES_IN,Location
Q80855888,Q145,RESIDES_IN,Location
Q79683909,Q145,RESIDES_IN,Location
Q80856564,Q145,RESIDES_IN,Location
Q79684141,Q145,RESIDES_IN,Location
Q26648036,Q145,RESIDES_IN,Location
Q80583674,Q145,RESIDES_IN,Location
Q26654419,Q145,RESIDES_IN,Location
Q108029365,Q145,RESIDES_IN,Location
Q26631599,Q145,RESIDES_IN,Location
Q80856517,Q145,RESIDES_IN,Location
Q54304404,Q145,RESIDES_IN,Location
Q99591921,Q145,RESIDES_IN,Location
Q80584282,Q145,RESIDES_IN,Location
Q83558910,Q145,RESIDES_IN,Location
Q80855253,Q145,RESIDES_IN,Location
Q80582723,Q145,RESIDES_IN,Location
Q55606653,Q145,RESIDES_IN,Location
Q80857717,Q145,RESIDES_IN,Location
Q80856853,Q145,RESIDES_IN,Location
Q80856660,Q145,RESIDES_IN,Location
Q97358886,Q145,RESIDES_IN,Location
Q80584871,Q145,RESIDES_IN,Location
Q79683899,Q145,RESIDES_IN,Location
Q80476940,Q145,RESIDES_IN,Location
Q80582292,Q145,RESIDES_IN,Location
Q26548932,Q145,RESIDES_IN,Location
Q61865331,Q145,RESIDES_IN,Location
Q83558826,Q145,RESIDES_IN,Location
Q26343207,Q145,RESIDES_IN,Location
Q26566416,Q145,RESIDES_IN,Location
Q18656,Q145,RESIDES_IN,Location
Q26669853,Q145,RESIDES_IN,Location
Q28455515,Q145,RESIDES_IN,Location
Q80585187,Q145,RESIDES_IN,Location
Q80583652,Q145,RESIDES_IN,Location
Q926943,Q145,RESIDES_IN,Location
Q99592185,Q145,RESIDES_IN,Location
Q109830493,Q145,RESIDES_IN,Location
Q17030995,Q145,RESIDES_IN,Location
Q2310500,Q145,RESIDES_IN,Location
Q221986,Q145,RESIDES_IN,Location
Q99591881,Q145,RESIDES_IN,Location
Q7896557,Q145,RESIDES_IN,Location
Q26397264,Q145,RESIDES_IN,Location
Q80855477,Q145,RESIDES_IN,Location
Q80585173,Q145,RESIDES_IN,Location
Q99592591,Q145,RESIDES_IN,Location
Q85209948,Q145,RESIDES_IN,Location
Q29485433,Q145,RESIDES_IN,Location
Q29501672,Q145,RESIDES_IN,Location
Q50413632,Q145,RESIDES_IN,Location
Q26556579,Q145,RESIDES_IN,Location
Q67920179,Q145,RESIDES_IN,Location
Q29499000,Q145,RESIDES_IN,Location
Q6372713,Q145,RESIDES_IN,Location
Q80583821,Q145,RESIDES_IN,Location
Q98073106,Q145,RESIDES_IN,Location
Q26413993,Q145,RESIDES_IN,Location
Q7126199,Q145,RESIDES_IN,Location
Q26461533,Q145,RESIDES_IN,Location
Q88915740,Q145,RESIDES_IN,Location
Q80581774,Q145,RESIDES_IN,Location
Q80476550,Q145,RESIDES_IN,Location
Q26496246,Q145,RESIDES_IN,Location
Q110339215,Q145,RESIDES_IN,Location
Q80859509,Q145,RESIDES_IN,Location
Q99592970,Q145,RESIDES_IN,Location
Q83558810,Q145,RESIDES_IN,Location
Q26516890,Q145,RESIDES_IN,Location
Q26555173,Q145,RESIDES_IN,Location
Q29484865,Q145,RESIDES_IN,Location
Q16997944,Q145,RESIDES_IN,Location
Q26503710,Q145,RESIDES_IN,Location
Q79684070,Q145,RESIDES_IN,Location
Q80476977,Q145,RESIDES_IN,Location
Q4681353,Q145,RESIDES_IN,Location
Q26464370,Q145,RESIDES_IN,Location
Q99593022,Q145,RESIDES_IN,Location
Q88916446,Q145,RESIDES_IN,Location
Q80582325,Q145,RESIDES_IN,Location
Q80858686,Q145,RESIDES_IN,Location
Q16971315,Q145,RESIDES_IN,Location
Q88916026,Q145,RESIDES_IN,Location
Q80581561,Q145,RESIDES_IN,Location
Q1318049,Q145,RESIDES_IN,Location
Q641555,Q145,RESIDES_IN,Location
Q1122899,Q145,RESIDES_IN,Location
Q4664506,Q145,RESIDES_IN,Location
Q100297859,Q145,RESIDES_IN,Location
Q7970713,Q145,RESIDES_IN,Location
Q26560363,Q145,RESIDES_IN,Location
Q99550477,Q145,RESIDES_IN,Location
Q99592859,Q145,RESIDES_IN,Location
Q26543554,Q145,RESIDES_IN,Location
Q26546572,Q145,RESIDES_IN,Location
Q80582815,Q145,RESIDES_IN,Location
Q7755810,Q145,RESIDES_IN,Location
Q108923987,Q145,RESIDES_IN,Location
Q5452973,Q145,RESIDES_IN,Location
Q80856313,Q145,RESIDES_IN,Location
Q26559794,Q145,RESIDES_IN,Location
Q80858018,Q145,RESIDES_IN,Location
Q7186887,Q145,RESIDES_IN,Location
Q80477156,Q145,RESIDES_IN,Location
Q17537984,Q145,RESIDES_IN,Location
Q88917677,Q145,RESIDES_IN,Location
Q19596240,Q145,RESIDES_IN,Location
Q26619857,Q145,RESIDES_IN,Location
Q26563914,Q145,RESIDES_IN,Location
Q109326343,Q145,RESIDES_IN,Location
Q15979572,Q145,RESIDES_IN,Location
Q80476793,Q145,RESIDES_IN,Location
Q99592198,Q145,RESIDES_IN,Location
Q26660648,Q145,RESIDES_IN,Location
Q80857940,Q145,RESIDES_IN,Location
Q4916848,Q145,RESIDES_IN,Location
Q26632376,Q145,RESIDES_IN,Location
Q26646580,Q145,RESIDES_IN,Location
Q19596564,Q145,RESIDES_IN,Location
Q113951821,Q145,RESIDES_IN,Location
Q7681169,Q145,RESIDES_IN,Location
Q5911704,Q145,RESIDES_IN,Location
Q88915724,Q145,RESIDES_IN,Location
Q43470,Q145,RESIDES_IN,Location
Q80859647,Q145,RESIDES_IN,Location
Q80859384,Q145,RESIDES_IN,Location
Q26556626,Q145,RESIDES_IN,Location
Q5331219,Q145,RESIDES_IN,Location
Q80856494,Q145,RESIDES_IN,Location
Q81047985,Q145,RESIDES_IN,Location
Q26397578,Q145,RESIDES_IN,Location
Q80476764,Q145,RESIDES_IN,Location
Q26630852,Q145,RESIDES_IN,Location
Q80584288,Q145,RESIDES_IN,Location
Q26367915,Q145,RESIDES_IN,Location
Q99592464,Q145,RESIDES_IN,Location
Q29496087,Q145,RESIDES_IN,Location
Q83559026,Q145,RESIDES_IN,Location
Q16707752,Q145,RESIDES_IN,Location
Q56581008,Q145,RESIDES_IN,Location
Q26470692,Q145,RESIDES_IN,Location
Q80856781,Q145,RESIDES_IN,Location
Q18162105,Q145,RESIDES_IN,Location
Q17986070,Q145,RESIDES_IN,Location
Q26577911,Q145,RESIDES_IN,Location
Q26440558,Q145,RESIDES_IN,Location
Q26471639,Q145,RESIDES_IN,Location
Q80855587,Q145,RESIDES_IN,Location
Q80857377,Q145,RESIDES_IN,Location
Q6437644,Q145,RESIDES_IN,Location
Q80582946,Q145,RESIDES_IN,Location
Q80578397,Q145,RESIDES_IN,Location
Q26480421,Q145,RESIDES_IN,Location
Q26314871,Q145,RESIDES_IN,Location
Q7716394,Q145,RESIDES_IN,Location
Q4879402,Q145,RESIDES_IN,Location
Q652731,Q145,RESIDES_IN,Location
Q80584256,Q145,RESIDES_IN,Location
Q29506348,Q145,RESIDES_IN,Location
Q80856337,Q145,RESIDES_IN,Location
Q834648,Q145,RESIDES_IN,Location
Q80584810,Q145,RESIDES_IN,Location
Q88967153,Q145,RESIDES_IN,Location
Q79461811,Q145,RESIDES_IN,Location
Q26345547,Q145,RESIDES_IN,Location
Q99593101,Q145,RESIDES_IN,Location
Q80584877,Q145,RESIDES_IN,Location
Q23302037,Q145,RESIDES_IN,Location
Q1794466,Q145,RESIDES_IN,Location
Q80855174,Q145,RESIDES_IN,Location
Q29496571,Q145,RESIDES_IN,Location
Q26668341,Q145,RESIDES_IN,Location
Q79684395,Q145,RESIDES_IN,Location
Q80856821,Q145,RESIDES_IN,Location
Q80476386,Q145,RESIDES_IN,Location
Q80582075,Q145,RESIDES_IN,Location
Q83623072,Q145,RESIDES_IN,Location
Q26528456,Q145,RESIDES_IN,Location
Q88917715,Q145,RESIDES_IN,Location
Q83558623,Q145,RESIDES_IN,Location
Q26645072,Q145,RESIDES_IN,Location
Q4929444,Q145,RESIDES_IN,Location
Q26496699,Q145,RESIDES_IN,Location
Q28457455,Q145,RESIDES_IN,Location
Q26298480,Q145,RESIDES_IN,Location
Q7168181,Q145,RESIDES_IN,Location
Q17509697,Q145,RESIDES_IN,Location
Q80490290,Q145,RESIDES_IN,Location
Q80856216,Q145,RESIDES_IN,Location
Q80583312,Q145,RESIDES_IN,Location
Q26670015,Q145,RESIDES_IN,Location
Q80581653,Q145,RESIDES_IN,Location
Q618098,Q145,RESIDES_IN,Location
Q7494462,Q145,RESIDES_IN,Location
Q26502340,Q145,RESIDES_IN,Location
Q112725687,Q145,RESIDES_IN,Location
Q88917418,Q145,RESIDES_IN,Location
Q88916694,Q145,RESIDES_IN,Location
Q99592887,Q145,RESIDES_IN,Location
Q80581844,Q145,RESIDES_IN,Location
Q80476376,Q145,RESIDES_IN,Location
Q61876281,Q145,RESIDES_IN,Location
Q26404241,Q145,RESIDES_IN,Location
Q80582450,Q145,RESIDES_IN,Location
Q5119374,Q145,RESIDES_IN,Location
Q88967169,Q145,RESIDES_IN,Location
Q80584607,Q145,RESIDES_IN,Location
Q109326269,Q145,RESIDES_IN,Location
Q7628112,Q145,RESIDES_IN,Location
Q80585024,Q145,RESIDES_IN,Location
Q61875601,Q145,RESIDES_IN,Location
Q100371784,Q145,RESIDES_IN,Location
Q80578268,Q145,RESIDES_IN,Location
Q99592847,Q145,RESIDES_IN,Location
Q17016212,Q145,RESIDES_IN,Location
Q26586217,Q145,RESIDES_IN,Location
Q99592730,Q145,RESIDES_IN,Location
Q17060399,Q145,RESIDES_IN,Location
Q339916,Q145,RESIDES_IN,Location
Q80582148,Q145,RESIDES_IN,Location
Q80855893,Q145,RESIDES_IN,Location
Q79683877,Q145,RESIDES_IN,Location
Q99592463,Q145,RESIDES_IN,Location
Q80856082,Q145,RESIDES_IN,Location
Q80584757,Q145,RESIDES_IN,Location
Q26674085,Q145,RESIDES_IN,Location
Q79684372,Q145,RESIDES_IN,Location
Q79461630,Q145,RESIDES_IN,Location
Q80582032,Q145,RESIDES_IN,Location
Q26644150,Q145,RESIDES_IN,Location
Q5288237,Q145,RESIDES_IN,Location
Q5243779,Q145,RESIDES_IN,Location
Q79684380,Q145,RESIDES_IN,Location
Q11149,Q145,RESIDES_IN,Location
Q26456262,Q145,RESIDES_IN,Location
Q20709719,Q145,RESIDES_IN,Location
Q79683797,Q145,RESIDES_IN,Location
Q80584116,Q145,RESIDES_IN,Location
Q80859547,Q145,RESIDES_IN,Location
Q80856356,Q145,RESIDES_IN,Location
Q5223970,Q145,RESIDES_IN,Location
Q79684591,Q145,RESIDES_IN,Location
Q53632218,Q145,RESIDES_IN,Location
Q80856610,Q145,RESIDES_IN,Location
Q856815,Q145,RESIDES_IN,Location
Q79684104,Q145,RESIDES_IN,Location
Q26682880,Q145,RESIDES_IN,Location
Q26512075,Q145,RESIDES_IN,Location
Q26393624,Q145,RESIDES_IN,Location
Q26314557,Q145,RESIDES_IN,Location
Q5421650,Q145,RESIDES_IN,Location
Q16988333,Q145,RESIDES_IN,Location
Q27086982,Q145,RESIDES_IN,Location
Q5328979,Q145,RESIDES_IN,Location
Q80476354,Q145,RESIDES_IN,Location
Q109913137,Q145,RESIDES_IN,Location
Q80583960,Q145,RESIDES_IN,Location
Q99592219,Q145,RESIDES_IN,Location
Q577000,Q145,RESIDES_IN,Location
Q80583133,Q145,RESIDES_IN,Location
Q80856702,Q145,RESIDES_IN,Location
Q17774120,Q145,RESIDES_IN,Location
Q107980182,Q145,RESIDES_IN,Location
Q99593293,Q145,RESIDES_IN,Location
Q26408253,Q145,RESIDES_IN,Location
Q17568387,Q145,RESIDES_IN,Location
Q80476912,Q145,RESIDES_IN,Location
Q115034081,Q145,RESIDES_IN,Location
Q2573393,Q30,RESIDES_IN,Location
Q6664920,Q145,RESIDES_IN,Location
Q28026672,Q145,RESIDES_IN,Location
Q80578197,Q145,RESIDES_IN,Location
Q61890233,Q145,RESIDES_IN,Location
Q113496149,Q145,RESIDES_IN,Location
Q79683795,Q145,RESIDES_IN,Location
Q26395027,Q145,RESIDES_IN,Location
Q80856146,Q145,RESIDES_IN,Location
Q99593186,Q145,RESIDES_IN,Location
Q80476559,Q145,RESIDES_IN,Location
Q4728473,Q145,RESIDES_IN,Location
Q16964314,Q145,RESIDES_IN,Location
Q26636896,Q145,RESIDES_IN,Location
Q1247544,Q145,RESIDES_IN,Location
Q80578051,Q145,RESIDES_IN,Location
Q52926591,Q145,RESIDES_IN,Location
Q59559127,Q145,RESIDES_IN,Location
Q7726524,Q145,RESIDES_IN,Location
Q80858567,Q145,RESIDES_IN,Location
Q1121403,Q145,RESIDES_IN,Location
Q26593983,Q145,RESIDES_IN,Location
Q3197998,Q145,RESIDES_IN,Location
Q26384880,Q145,RESIDES_IN,Location
Q49225797,Q145,RESIDES_IN,Location
Q8036588,Q145,RESIDES_IN,Location
Q80583483,Q145,RESIDES_IN,Location
Q19365005,Q145,RESIDES_IN,Location
Q15616526,Q145,RESIDES_IN,Location
Q26592951,Q145,RESIDES_IN,Location
Q6960507,Q145,RESIDES_IN,Location
Q26397413,Q145,RESIDES_IN,Location
Q80857964,Q145,RESIDES_IN,Location
Q19870878,Q145,RESIDES_IN,Location
Q26419398,Q145,RESIDES_IN,Location
Q111819616,Q145,RESIDES_IN,Location
Q26445160,Q145,RESIDES_IN,Location
Q23306005,Q145,RESIDES_IN,Location
Q99592451,Q145,RESIDES_IN,Location
Q80477340,Q145,RESIDES_IN,Location
Q80855755,Q145,RESIDES_IN,Location
Q88915794,Q145,RESIDES_IN,Location
Q17534926,Q145,RESIDES_IN,Location
Q26415315,Q145,RESIDES_IN,Location
Q458295,Q145,RESIDES_IN,Location
Q80581721,Q145,RESIDES_IN,Location
Q26295027,Q145,RESIDES_IN,Location
Q80583568,Q145,RESIDES_IN,Location
Q15030874,Q145,RESIDES_IN,Location
Q80476563,Q145,RESIDES_IN,Location
Q26337871,Q145,RESIDES_IN,Location
Q16842671,Q145,RESIDES_IN,Location
Q6455435,Q145,RESIDES_IN,Location
Q7161332,Q145,RESIDES_IN,Location
Q99591056,Q145,RESIDES_IN,Location
Q80582554,Q145,RESIDES_IN,Location
Q15180551,Q145,RESIDES_IN,Location
Q7438022,Q145,RESIDES_IN,Location
Q81047887,Q145,RESIDES_IN,Location
Q613801,Q145,RESIDES_IN,Location
Q80859191,Q145,RESIDES_IN,Location
Q99592968,Q145,RESIDES_IN,Location
Q16980636,Q145,RESIDES_IN,Location
Q27081723,Q145,RESIDES_IN,Location
Q80857131,Q145,RESIDES_IN,Location
Q212322,Q145,RESIDES_IN,Location
Q26299711,Q145,RESIDES_IN,Location
Q99593222,Q145,RESIDES_IN,Location
Q26298455,Q145,RESIDES_IN,Location
Q499104,Q145,RESIDES_IN,Location
Q80582137,Q145,RESIDES_IN,Location
Q26307432,Q145,RESIDES_IN,Location
Q28457756,Q145,RESIDES_IN,Location
Q88916433,Q145,RESIDES_IN,Location
Q80856613,Q145,RESIDES_IN,Location
Q80476381,Q145,RESIDES_IN,Location
Q16598843,Q189,RESIDES_IN,Location
Q7095964,Q145,RESIDES_IN,Location
Q99591723,Q145,RESIDES_IN,Location
Q80582744,Q145,RESIDES_IN,Location
Q26499896,Q145,RESIDES_IN,Location
Q106382279,Q145,RESIDES_IN,Location
Q971680,Q145,RESIDES_IN,Location
Q18161702,Q145,RESIDES_IN,Location
Q548278,Q145,RESIDES_IN,Location
Q26468567,Q145,RESIDES_IN,Location
Q5172353,Q145,RESIDES_IN,Location
Q42851474,Q145,RESIDES_IN,Location
Q26482822,Q145,RESIDES_IN,Location
Q108574703,Q145,RESIDES_IN,Location
Q26588554,Q145,RESIDES_IN,Location
Q26592974,Q145,RESIDES_IN,Location
Q7099056,Q145,RESIDES_IN,Location
Q26301851,Q145,RESIDES_IN,Location
Q99592177,Q145,RESIDES_IN,Location
Q26387623,Q145,RESIDES_IN,Location
Q26434716,Q145,RESIDES_IN,Location
Q26647845,Q145,RESIDES_IN,Location
Q80581963,Q145,RESIDES_IN,Location
Q80855068,Q145,RESIDES_IN,Location
Q26548273,Q145,RESIDES_IN,Location
Q27083223,Q145,RESIDES_IN,Location
Q80582809,Q145,RESIDES_IN,Location
Q66499993,Q145,RESIDES_IN,Location
Q27701587,Q145,RESIDES_IN,Location
Q26321349,Q145,RESIDES_IN,Location
Q706247,Q145,RESIDES_IN,Location
Q83558673,Q145,RESIDES_IN,Location
Q80578126,Q145,RESIDES_IN,Location
Q26598349,Q145,RESIDES_IN,Location
Q80577930,Q145,RESIDES_IN,Location
Q26305780,Q145,RESIDES_IN,Location
Q26634111,Q145,RESIDES_IN,Location
Q5641894,Q145,RESIDES_IN,Location
Q108124604,Q145,RESIDES_IN,Location
Q113827460,Q145,RESIDES_IN,Location
Q22906784,Q145,RESIDES_IN,Location
Q79684014,Q145,RESIDES_IN,Location
Q61865323,Q145,RESIDES_IN,Location
Q26349125,Q145,RESIDES_IN,Location
Q26506706,Q145,RESIDES_IN,Location
Q19604557,Q145,RESIDES_IN,Location
Q99593019,Q145,RESIDES_IN,Location
Q56085020,Q145,RESIDES_IN,Location
Q26425154,Q145,RESIDES_IN,Location
Q3552538,Q145,RESIDES_IN,Location
Q1070685,Q145,RESIDES_IN,Location
Q26490972,Q145,RESIDES_IN,Location
Q922344,Q145,RESIDES_IN,Location
Q80584779,Q145,RESIDES_IN,Location
Q26682865,Q145,RESIDES_IN,Location
Q80859811,Q145,RESIDES_IN,Location
Q99592721,Q145,RESIDES_IN,Location
Q658998,Q145,RESIDES_IN,Location
Q11223506,Q145,RESIDES_IN,Location
Q88915750,Q145,RESIDES_IN,Location
Q80857028,Q145,RESIDES_IN,Location
Q29489670,Q145,RESIDES_IN,Location
Q5436751,Q145,RESIDES_IN,Location
Q17538497,Q145,RESIDES_IN,Location
Q80583363,Q145,RESIDES_IN,Location
Q80582255,Q145,RESIDES_IN,Location
Q88917101,Q145,RESIDES_IN,Location
Q6455693,Q145,RESIDES_IN,Location
Q26584841,Q145,RESIDES_IN,Location
Q61876273,Q145,RESIDES_IN,Location
Q26527089,Q145,RESIDES_IN,Location
Q651140,Q145,RESIDES_IN,Location
Q498563,Q145,RESIDES_IN,Location
Q26615937,Q145,RESIDES_IN,Location
Q26570401,Q145,RESIDES_IN,Location
Q29498995,Q145,RESIDES_IN,Location
Q7777238,Q145,RESIDES_IN,Location
Q80855673,Q145,RESIDES_IN,Location
Q97344633,Q145,RESIDES_IN,Location
Q83558954,Q145,RESIDES_IN,Location
Q79684338,Q145,RESIDES_IN,Location
Q880582,Q145,RESIDES_IN,Location
Q26405543,Q145,RESIDES_IN,Location
Q26462449,Q145,RESIDES_IN,Location
Q26473648,Q145,RESIDES_IN,Location
Q88916076,Q145,RESIDES_IN,Location
Q17793480,Q145,RESIDES_IN,Location
Q79684594,Q145,RESIDES_IN,Location
Q4835978,Q16,RESIDES_IN,Location
Q17747059,Q145,RESIDES_IN,Location
Q99593269,Q145,RESIDES_IN,Location
Q26624891,Q145,RESIDES_IN,Location
Q98214662,Q145,RESIDES_IN,Location
Q29482091,Q145,RESIDES_IN,Location
Q83558659,Q145,RESIDES_IN,Location
Q30634181,Q145,RESIDES_IN,Location
Q26471207,Q145,RESIDES_IN,Location
Q19870638,Q145,RESIDES_IN,Location
Q1296097,Q145,RESIDES_IN,Location
Q1063288,Q145,RESIDES_IN,Location
Q80855422,Q145,RESIDES_IN,Location
Q928675,Q145,RESIDES_IN,Location
Q18161900,Q145,RESIDES_IN,Location
Q99592886,Q145,RESIDES_IN,Location
Q16940041,Q145,RESIDES_IN,Location
Q6094327,Q145,RESIDES_IN,Location
Q99591717,Q145,RESIDES_IN,Location
Q80584478,Q145,RESIDES_IN,Location
Q7492756,Q145,RESIDES_IN,Location
Q99592855,Q145,RESIDES_IN,Location
Q61902603,Q145,RESIDES_IN,Location
Q80476266,Q145,RESIDES_IN,Location
Q26388047,Q145,RESIDES_IN,Location
Q28446718,Q145,RESIDES_IN,Location
Q26573851,Q145,RESIDES_IN,Location
Q26580996,Q145,RESIDES_IN,Location
Q97887245,Q145,RESIDES_IN,Location
Q18387089,Q145,RESIDES_IN,Location
Q2972759,Q145,RESIDES_IN,Location
Q60298148,Q145,RESIDES_IN,Location
Q70628235,Q145,RESIDES_IN,Location
Q5416606,Q145,RESIDES_IN,Location
Q26407916,Q145,RESIDES_IN,Location
Q17019348,Q145,RESIDES_IN,Location
Q61890524,Q145,RESIDES_IN,Location
Q61903188,Q145,RESIDES_IN,Location
Q80584470,Q145,RESIDES_IN,Location
Q80857545,Q145,RESIDES_IN,Location
Q29494978,Q145,RESIDES_IN,Location
Q80585385,Q145,RESIDES_IN,Location
Q80583344,Q145,RESIDES_IN,Location
Q183231,Q145,RESIDES_IN,Location
Q26628977,Q145,RESIDES_IN,Location
Q85812539,Q145,RESIDES_IN,Location
Q79684010,Q145,RESIDES_IN,Location
Q26462763,Q145,RESIDES_IN,Location
Q7060569,Q145,RESIDES_IN,Location
Q26607494,Q145,RESIDES_IN,Location
Q81047889,Q145,RESIDES_IN,Location
Q26375146,Q145,RESIDES_IN,Location
Q80582622,Q145,RESIDES_IN,Location
Q1384984,Q145,RESIDES_IN,Location
Q3446034,Q145,RESIDES_IN,Location
Q26403634,Q145,RESIDES_IN,Location
Q80584241,Q145,RESIDES_IN,Location
Q83559695,Q145,RESIDES_IN,Location
Q16707737,Q145,RESIDES_IN,Location
Q80582186,Q145,RESIDES_IN,Location
Q19944780,Q145,RESIDES_IN,Location
Q80855324,Q145,RESIDES_IN,Location
Q26617850,Q145,RESIDES_IN,Location
Q4950583,Q145,RESIDES_IN,Location
Q88915754,Q145,RESIDES_IN,Location
Q16991647,Q145,RESIDES_IN,Location
Q80855097,Q145,RESIDES_IN,Location
Q80857477,Q145,RESIDES_IN,Location
Q80582048,Q145,RESIDES_IN,Location
Q80584453,Q145,RESIDES_IN,Location
Q22073967,Q145,RESIDES_IN,Location
Q80856159,Q145,RESIDES_IN,Location
Q79684673,Q145,RESIDES_IN,Location
Q83558992,Q145,RESIDES_IN,Location
Q80857796,Q145,RESIDES_IN,Location
Q80855752,Q145,RESIDES_IN,Location
Q80582434,Q145,RESIDES_IN,Location
Q104726614,Q145,RESIDES_IN,Location
Q79461615,Q145,RESIDES_IN,Location
Q99592960,Q145,RESIDES_IN,Location
Q26583562,Q145,RESIDES_IN,Location
Q80583495,Q145,RESIDES_IN,Location
Q26547455,Q145,RESIDES_IN,Location
Q26627405,Q145,RESIDES_IN,Location
Q80858104,Q145,RESIDES_IN,Location
Q26471828,Q145,RESIDES_IN,Location
Q26499604,Q145,RESIDES_IN,Location
Q106697462,Q145,RESIDES_IN,Location
Q7934812,Q145,RESIDES_IN,Location
Q83558961,Q145,RESIDES_IN,Location
Q7686839,Q145,RESIDES_IN,Location
Q16953730,Q145,RESIDES_IN,Location
Q26422508,Q145,RESIDES_IN,Location
Q80859275,Q145,RESIDES_IN,Location
Q1494435,Q145,RESIDES_IN,Location
Q80858308,Q145,RESIDES_IN,Location
Q80477279,Q145,RESIDES_IN,Location
Q80581682,Q145,RESIDES_IN,Location
Q26497418,Q145,RESIDES_IN,Location
Q26577082,Q145,RESIDES_IN,Location
Q80581593,Q145,RESIDES_IN,Location
Q26490869,Q145,RESIDES_IN,Location
Q26308456,Q145,RESIDES_IN,Location
Q80856254,Q145,RESIDES_IN,Location
Q80855494,Q145,RESIDES_IN,Location
Q106457458,Q145,RESIDES_IN,Location
Q29491828,Q145,RESIDES_IN,Location
Q111798894,Q145,RESIDES_IN,Location
Q16994989,Q145,RESIDES_IN,Location
Q80855022,Q145,RESIDES_IN,Location
Q80856301,Q145,RESIDES_IN,Location
Q80578237,Q145,RESIDES_IN,Location
Q99592945,Q145,RESIDES_IN,Location
Q26493604,Q145,RESIDES_IN,Location
Q26504158,Q145,RESIDES_IN,Location
Q17032964,Q145,RESIDES_IN,Location
Q6084365,Q145,RESIDES_IN,Location
Q29487895,Q145,RESIDES_IN,Location
Q20711645,Q145,RESIDES_IN,Location
Q70628216,Q145,RESIDES_IN,Location
Q19871327,Q145,RESIDES_IN,Location
Q26502687,Q145,RESIDES_IN,Location
Q26453306,Q145,RESIDES_IN,Location
Q26312851,Q145,RESIDES_IN,Location
Q26323602,Q145,RESIDES_IN,Location
Q80582306,Q145,RESIDES_IN,Location
Q26476178,Q145,RESIDES_IN,Location
Q80855456,Q145,RESIDES_IN,Location
Q26569367,Q145,RESIDES_IN,Location
Q80477046,Q145,RESIDES_IN,Location
Q26578892,Q145,RESIDES_IN,Location
Q7568903,Q145,RESIDES_IN,Location
Q99593200,Q145,RESIDES_IN,Location
Q27136461,Q145,RESIDES_IN,Location
Q21008652,Q145,RESIDES_IN,Location
Q99593075,Q145,RESIDES_IN,Location
Q29488894,Q145,RESIDES_IN,Location
Q2742196,Q145,RESIDES_IN,Location
Q26581744,Q145,RESIDES_IN,Location
Q80476646,Q145,RESIDES_IN,Location
Q108645806,Q145,RESIDES_IN,Location
Q610190,Q145,RESIDES_IN,Location
Q26481975,Q145,RESIDES_IN,Location
Q26519428,Q145,RESIDES_IN,Location
Q7186410,Q145,RESIDES_IN,Location
Q80855390,Q145,RESIDES_IN,Location
Q88917069,Q145,RESIDES_IN,Location
Q61916235,Q145,RESIDES_IN,Location
Q26578601,Q145,RESIDES_IN,Location
Q26295300,Q145,RESIDES_IN,Location
Q2632192,Q145,RESIDES_IN,Location
Q80859110,Q145,RESIDES_IN,Location
Q29481520,Q145,RESIDES_IN,Location
Q58439001,Q145,RESIDES_IN,Location
Q80858890,Q145,RESIDES_IN,Location
Q80583564,Q145,RESIDES_IN,Location
Q80855702,Q145,RESIDES_IN,Location
Q16933755,Q145,RESIDES_IN,Location
Q26439727,Q145,RESIDES_IN,Location
Q26577939,Q145,RESIDES_IN,Location
Q26397129,Q145,RESIDES_IN,Location
Q4040781,Q145,RESIDES_IN,Location
Q80583236,Q145,RESIDES_IN,Location
Q26551457,Q145,RESIDES_IN,Location
Q80583672,Q145,RESIDES_IN,Location
Q26402514,Q145,RESIDES_IN,Location
Q97584634,Q145,RESIDES_IN,Location
Q99591998,Q145,RESIDES_IN,Location
Q26565815,Q145,RESIDES_IN,Location
Q80578427,Q145,RESIDES_IN,Location
Q17016587,Q145,RESIDES_IN,Location
Q80584833,Q145,RESIDES_IN,Location
Q80855828,Q145,RESIDES_IN,Location
Q99592938,Q145,RESIDES_IN,Location
Q83558877,Q145,RESIDES_IN,Location
Q16967516,Q145,RESIDES_IN,Location
Q79684646,Q145,RESIDES_IN,Location
Q26548633,Q145,RESIDES_IN,Location
Q1619253,Q145,RESIDES_IN,Location
Q30295392,Q145,RESIDES_IN,Location
Q80582050,Q145,RESIDES_IN,Location
Q26563649,Q145,RESIDES_IN,Location
Q4829257,Q145,RESIDES_IN,Location
Q80583320,Q145,RESIDES_IN,Location
Q26385076,Q145,RESIDES_IN,Location
Q80585061,Q145,RESIDES_IN,Location
Q111280258,Q145,RESIDES_IN,Location
Q100372424,Q145,RESIDES_IN,Location
Q26556682,Q145,RESIDES_IN,Location
Q26379386,Q145,RESIDES_IN,Location
Q79466083,Q145,RESIDES_IN,Location
Q4942800,Q145,RESIDES_IN,Location
Q29484513,Q145,RESIDES_IN,Location
Q81047963,Q145,RESIDES_IN,Location
Q26353898,Q145,RESIDES_IN,Location
Q81654791,Q145,RESIDES_IN,Location
Q26556897,Q145,RESIDES_IN,Location
Q40313937,Q145,RESIDES_IN,Location
Q7057220,Q145,RESIDES_IN,Location
Q7783585,Q145,RESIDES_IN,Location
Q80859427,Q145,RESIDES_IN,Location
Q106578093,Q145,RESIDES_IN,Location
Q1074681,Q145,RESIDES_IN,Location
Q79684471,Q145,RESIDES_IN,Location
Q79461808,Q145,RESIDES_IN,Location
Q80582269,Q145,RESIDES_IN,Location
Q9305279,Q145,RESIDES_IN,Location
Q80855126,Q145,RESIDES_IN,Location
Q3063506,Q145,RESIDES_IN,Location
Q26520487,Q145,RESIDES_IN,Location
Q88917368,Q145,RESIDES_IN,Location
Q59187,Q145,RESIDES_IN,Location
Q17020660,Q145,RESIDES_IN,Location
Q65059907,Q145,RESIDES_IN,Location
Q80577989,Q145,RESIDES_IN,Location
Q88916718,Q145,RESIDES_IN,Location
Q26303364,Q145,RESIDES_IN,Location
Q2108626,Q145,RESIDES_IN,Location
Q23305430,Q145,RESIDES_IN,Location
Q80584911,Q145,RESIDES_IN,Location
Q475607,Q145,RESIDES_IN,Location
Q79838560,Q145,RESIDES_IN,Location
Q80583716,Q145,RESIDES_IN,Location
Q107313639,Q145,RESIDES_IN,Location
Q80582350,Q145,RESIDES_IN,Location
Q26672893,Q145,RESIDES_IN,Location
Q1735712,Q30,RESIDES_IN,Location
Q80578333,Q145,RESIDES_IN,Location
Q99593004,Q145,RESIDES_IN,Location
Q26628813,Q145,RESIDES_IN,Location
Q70628092,Q145,RESIDES_IN,Location
Q26666801,Q145,RESIDES_IN,Location
Q61916243,Q145,RESIDES_IN,Location
Q56248515,Q145,RESIDES_IN,Location
Q26656550,Q145,RESIDES_IN,Location
Q88915732,Q145,RESIDES_IN,Location
Q80857840,Q145,RESIDES_IN,Location
Q80859180,Q145,RESIDES_IN,Location
Q26674210,Q145,RESIDES_IN,Location
Q80856675,Q145,RESIDES_IN,Location
Q99593095,Q145,RESIDES_IN,Location
Q56154673,Q145,RESIDES_IN,Location
Q26591019,Q145,RESIDES_IN,Location
Q80859075,Q145,RESIDES_IN,Location
Q5128274,Q145,RESIDES_IN,Location
Q7806532,Q145,RESIDES_IN,Location
Q80584605,Q145,RESIDES_IN,Location
Q26485511,Q145,RESIDES_IN,Location
Q7374195,Q145,RESIDES_IN,Location
Q99592019,Q145,RESIDES_IN,Location
Q55618967,Q145,RESIDES_IN,Location
Q79466134,Q145,RESIDES_IN,Location
Q70628311,Q145,RESIDES_IN,Location
Q26628966,Q145,RESIDES_IN,Location
Q5911369,Q145,RESIDES_IN,Location
Q26599068,Q145,RESIDES_IN,Location
Q903805,Q55,RESIDES_IN,Location
Q26574718,Q145,RESIDES_IN,Location
Q80857838,Q145,RESIDES_IN,Location
Q26624446,Q145,RESIDES_IN,Location
Q80584214,Q145,RESIDES_IN,Location
Q80855109,Q145,RESIDES_IN,Location
Q98222617,Q145,RESIDES_IN,Location
Q80856247,Q145,RESIDES_IN,Location
Q29508014,Q145,RESIDES_IN,Location
Q61890234,Q145,RESIDES_IN,Location
Q88916767,Q145,RESIDES_IN,Location
Q18163127,Q145,RESIDES_IN,Location
Q80583541,Q145,RESIDES_IN,Location
Q26292742,Q145,RESIDES_IN,Location
Q99593099,Q145,RESIDES_IN,Location
Q26318896,Q145,RESIDES_IN,Location
Q60524039,Q145,RESIDES_IN,Location
Q80582443,Q145,RESIDES_IN,Location
Q17737924,Q145,RESIDES_IN,Location
Q658679,Q145,RESIDES_IN,Location
Q26587169,Q145,RESIDES_IN,Location
Q80856468,Q145,RESIDES_IN,Location
Q99591762,Q145,RESIDES_IN,Location
Q80859745,Q145,RESIDES_IN,Location
Q33111863,Q145,RESIDES_IN,Location
Q3402475,Q145,RESIDES_IN,Location
Q80578395,Q145,RESIDES_IN,Location
Q26447605,Q145,RESIDES_IN,Location
Q26395201,Q145,RESIDES_IN,Location
Q80582546,Q145,RESIDES_IN,Location
Q80476661,Q145,RESIDES_IN,Location
Q80857542,Q145,RESIDES_IN,Location
Q6550977,Q145,RESIDES_IN,Location
Q80476958,Q145,RESIDES_IN,Location
Q80856455,Q145,RESIDES_IN,Location
Q6413546,Q145,RESIDES_IN,Location
Q1881443,Q145,RESIDES_IN,Location
Q99592982,Q145,RESIDES_IN,Location
Q80581527,Q145,RESIDES_IN,Location
Q26682855,Q145,RESIDES_IN,Location
Q55099570,Q145,RESIDES_IN,Location
Q6807412,Q145,RESIDES_IN,Location
Q6369889,Q145,RESIDES_IN,Location
Q26397628,Q145,RESIDES_IN,Location
Q16707717,Q145,RESIDES_IN,Location
Q80859174,Q145,RESIDES_IN,Location
Q3629491,Q145,RESIDES_IN,Location
Q5244795,Q145,RESIDES_IN,Location
Q80859131,Q145,RESIDES_IN,Location
Q80582969,Q145,RESIDES_IN,Location
Q1028419,Q145,RESIDES_IN,Location
Q7242219,Q145,RESIDES_IN,Location
Q26300886,Q145,RESIDES_IN,Location
Q99592225,Q145,RESIDES_IN,Location
Q79684039,Q145,RESIDES_IN,Location
Q26657127,Q145,RESIDES_IN,Location
Q81047990,Q145,RESIDES_IN,Location
Q80856375,Q145,RESIDES_IN,Location
Q80585192,Q145,RESIDES_IN,Location
Q80584193,Q145,RESIDES_IN,Location
Q98399086,Q145,RESIDES_IN,Location
Q57945930,Q145,RESIDES_IN,Location
Q7718721,Q145,RESIDES_IN,Location
Q97623109,Q145,RESIDES_IN,Location
Q80476722,Q145,RESIDES_IN,Location
Q26473759,Q145,RESIDES_IN,Location
Q70628477,Q145,RESIDES_IN,Location
Q80582458,Q145,RESIDES_IN,Location
Q88916746,Q145,RESIDES_IN,Location
Q5648042,Q145,RESIDES_IN,Location
Q80583331,Q145,RESIDES_IN,Location
Q98072911,Q145,RESIDES_IN,Location
Q26502356,Q145,RESIDES_IN,Location
Q99592432,Q145,RESIDES_IN,Location
Q6460277,Q145,RESIDES_IN,Location
Q83559700,Q145,RESIDES_IN,Location
Q99592322,Q145,RESIDES_IN,Location
Q29483306,Q145,RESIDES_IN,Location
Q26548491,Q145,RESIDES_IN,Location
Q26413486,Q145,RESIDES_IN,Location
Q80858203,Q145,RESIDES_IN,Location
Q80855979,Q145,RESIDES_IN,Location
Q64821053,Q145,RESIDES_IN,Location
Q80859325,Q145,RESIDES_IN,Location
Q18161679,Q145,RESIDES_IN,Location
Q80857613,Q145,RESIDES_IN,Location
Q80582133,Q145,RESIDES_IN,Location
Q99593063,Q145,RESIDES_IN,Location
Q80581865,Q145,RESIDES_IN,Location
Q24993582,Q145,RESIDES_IN,Location
Q61924006,Q145,RESIDES_IN,Location
Q827927,Q145,RESIDES_IN,Location
Q22907361,Q145,RESIDES_IN,Location
Q78640663,Q145,RESIDES_IN,Location
Q26553353,Q145,RESIDES_IN,Location
Q80858366,Q145,RESIDES_IN,Location
Q26392554,Q145,RESIDES_IN,Location
Q80476247,Q145,RESIDES_IN,Location
Q26504793,Q145,RESIDES_IN,Location
Q80583921,Q145,RESIDES_IN,Location
Q80856166,Q145,RESIDES_IN,Location
Q88917395,Q145,RESIDES_IN,Location
Q29482038,Q145,RESIDES_IN,Location
Q4753344,Q145,RESIDES_IN,Location
Q79684528,Q145,RESIDES_IN,Location
Q99592850,Q145,RESIDES_IN,Location
Q17361847,Q145,RESIDES_IN,Location
Q26549089,Q145,RESIDES_IN,Location
Q80584479,Q145,RESIDES_IN,Location
Q26477388,Q145,RESIDES_IN,Location
Q108104965,Q145,RESIDES_IN,Location
Q88916418,Q145,RESIDES_IN,Location
Q99592030,Q145,RESIDES_IN,Location
Q81062228,Q145,RESIDES_IN,Location
Q7385188,Q145,RESIDES_IN,Location
Q16245502,Q145,RESIDES_IN,Location
Q12063852,Q145,RESIDES_IN,Location
Q88915782,Q145,RESIDES_IN,Location
Q79684766,Q145,RESIDES_IN,Location
Q55104023,Q145,RESIDES_IN,Location
Q17742385,Q145,RESIDES_IN,Location
Q152096,Q145,RESIDES_IN,Location
Q80583239,Q145,RESIDES_IN,Location
Q80582378,Q145,RESIDES_IN,Location
Q112496594,Q145,RESIDES_IN,Location
Q80476552,Q145,RESIDES_IN,Location
Q7854860,Q145,RESIDES_IN,Location
Q26485729,Q145,RESIDES_IN,Location
Q80859565,Q145,RESIDES_IN,Location
Q26567587,Q145,RESIDES_IN,Location
Q80582493,Q145,RESIDES_IN,Location
Q30242614,Q145,RESIDES_IN,Location
Q286262,Q145,RESIDES_IN,Location
Q26468447,Q145,RESIDES_IN,Location
Q795933,Q145,RESIDES_IN,Location
Q29482575,Q145,RESIDES_IN,Location
Q80584886,Q145,RESIDES_IN,Location
Q26547341,Q145,RESIDES_IN,Location
Q7863870,Q145,RESIDES_IN,Location
Q99592199,Q145,RESIDES_IN,Location
Q7565133,Q145,RESIDES_IN,Location
Q80856045,Q145,RESIDES_IN,Location
Q26667538,Q145,RESIDES_IN,Location
Q85781777,Q145,RESIDES_IN,Location
Q79466074,Q145,RESIDES_IN,Location
Q1049657,Q145,RESIDES_IN,Location
Q21061493,Q145,RESIDES_IN,Location
Q110286043,Q145,RESIDES_IN,Location
Q80859361,Q145,RESIDES_IN,Location
Q102426398,Q145,RESIDES_IN,Location
Q26492391,Q145,RESIDES_IN,Location
Q6107894,Q145,RESIDES_IN,Location
Q80476980,Q145,RESIDES_IN,Location
Q26461243,Q145,RESIDES_IN,Location
Q7894629,Q145,RESIDES_IN,Location
Q80857411,Q145,RESIDES_IN,Location
Q99592963,Q145,RESIDES_IN,Location
Q105158745,Q145,RESIDES_IN,Location
Q26301217,Q145,RESIDES_IN,Location
Q29493763,Q145,RESIDES_IN,Location
Q99592441,Q145,RESIDES_IN,Location
Q80477016,Q145,RESIDES_IN,Location
Q111874151,Q145,RESIDES_IN,Location
Q80476637,Q145,RESIDES_IN,Location
Q22079702,Q145,RESIDES_IN,Location
Q81047840,Q145,RESIDES_IN,Location
Q1470848,Q145,RESIDES_IN,Location
Q99593176,Q145,RESIDES_IN,Location
Q26542637,Q145,RESIDES_IN,Location
Q80584831,Q145,RESIDES_IN,Location
Q26605698,Q145,RESIDES_IN,Location
Q5573225,Q145,RESIDES_IN,Location
Q29498960,Q145,RESIDES_IN,Location
Q80856658,Q145,RESIDES_IN,Location
Q16985979,Q145,RESIDES_IN,Location
Q81047821,Q145,RESIDES_IN,Location
Q70628285,Q145,RESIDES_IN,Location
Q151779,Q145,RESIDES_IN,Location
Q1376970,Q40,RESIDES_IN,Location
Q5436342,Q145,RESIDES_IN,Location
Q80476889,Q145,RESIDES_IN,Location
Q24299769,Q145,RESIDES_IN,Location
Q26653217,Q145,RESIDES_IN,Location
Q17361856,Q145,RESIDES_IN,Location
Q80582085,Q145,RESIDES_IN,Location
Q88967138,Q145,RESIDES_IN,Location
Q80855202,Q145,RESIDES_IN,Location
Q26593004,Q145,RESIDES_IN,Location
Q26486318,Q145,RESIDES_IN,Location
Q61890134,Q145,RESIDES_IN,Location
Q50039646,Q145,RESIDES_IN,Location
Q80585047,Q145,RESIDES_IN,Location
Q83558806,Q145,RESIDES_IN,Location
Q56356277,Q145,RESIDES_IN,Location
Q17021984,Q145,RESIDES_IN,Location
Q17743243,Q145,RESIDES_IN,Location
Q29481546,Q145,RESIDES_IN,Location
Q98075011,Q145,RESIDES_IN,Location
Q79461644,Q145,RESIDES_IN,Location
Q16952323,Q145,RESIDES_IN,Location
Q80584904,Q145,RESIDES_IN,Location
Q99591694,Q145,RESIDES_IN,Location
Q83559706,Q145,RESIDES_IN,Location
Q30687685,Q145,RESIDES_IN,Location
Q7963123,Q145,RESIDES_IN,Location
Q70628405,Q145,RESIDES_IN,Location
Q5435841,Q145,RESIDES_IN,Location
Q26499745,Q145,RESIDES_IN,Location
Q26408313,Q145,RESIDES_IN,Location
Q5222545,Q145,RESIDES_IN,Location
Q80578016,Q145,RESIDES_IN,Location
Q7373828,Q145,RESIDES_IN,Location
Q80583467,Q145,RESIDES_IN,Location
Q99592732,Q145,RESIDES_IN,Location
Q17549379,Q145,RESIDES_IN,Location
Q26494538,Q145,RESIDES_IN,Location
Q26292531,Q145,RESIDES_IN,Location
Q80477121,Q145,RESIDES_IN,Location
Q99592434,Q145,RESIDES_IN,Location
Q26577372,Q145,RESIDES_IN,Location
Q26502415,Q145,RESIDES_IN,Location
Q80584594,Q145,RESIDES_IN,Location
Q88916096,Q145,RESIDES_IN,Location
Q37857517,Q145,RESIDES_IN,Location
Q26578652,Q145,RESIDES_IN,Location
Q30640347,Q145,RESIDES_IN,Location
Q26335813,Q145,RESIDES_IN,Location
Q80583259,Q145,RESIDES_IN,Location
Q26473539,Q145,RESIDES_IN,Location
Q26459620,Q145,RESIDES_IN,Location
Q99592683,Q145,RESIDES_IN,Location
Q99592576,Q145,RESIDES_IN,Location
Q88916080,Q145,RESIDES_IN,Location
Q99592437,Q145,RESIDES_IN,Location
Q26675104,Q145,RESIDES_IN,Location
Q4042365,Q145,RESIDES_IN,Location
Q29506250,Q145,RESIDES_IN,Location
Q88916359,Q145,RESIDES_IN,Location
Q26666173,Q145,RESIDES_IN,Location
Q16966517,Q145,RESIDES_IN,Location
Q12073381,Q145,RESIDES_IN,Location
Q59353505,Q145,RESIDES_IN,Location
Q80582312,Q145,RESIDES_IN,Location
Q4664502,Q145,RESIDES_IN,Location
Q29485508,Q145,RESIDES_IN,Location
Q60515789,Q145,RESIDES_IN,Location
Q7567104,Q145,RESIDES_IN,Location
Q14956870,Q145,RESIDES_IN,Location
Q80583732,Q145,RESIDES_IN,Location
Q80859500,Q145,RESIDES_IN,Location
Q56184661,Q145,RESIDES_IN,Location
Q26500872,Q145,RESIDES_IN,Location
Q80581511,Q145,RESIDES_IN,Location
Q110303147,Q145,RESIDES_IN,Location
Q26490080,Q145,RESIDES_IN,Location
Q29484637,Q145,RESIDES_IN,Location
Q26377259,Q145,RESIDES_IN,Location
Q80857011,Q145,RESIDES_IN,Location
Q24054070,Q145,RESIDES_IN,Location
Q61866062,Q145,RESIDES_IN,Location
Q30633405,Q145,RESIDES_IN,Location
Q80859578,Q145,RESIDES_IN,Location
Q26631598,Q145,RESIDES_IN,Location
Q109768523,Q145,RESIDES_IN,Location
Q25041326,Q145,RESIDES_IN,Location
Q81047927,Q145,RESIDES_IN,Location
Q29491605,Q145,RESIDES_IN,Location
Q79683983,Q145,RESIDES_IN,Location
Q80857470,Q145,RESIDES_IN,Location
Q88973934,Q145,RESIDES_IN,Location
Q81047820,Q145,RESIDES_IN,Location
Q82190,Q145,RESIDES_IN,Location
Q26466841,Q145,RESIDES_IN,Location
Q80582427,Q145,RESIDES_IN,Location
Q80856106,Q145,RESIDES_IN,Location
Q68592499,Q145,RESIDES_IN,Location
Q17525823,Q145,RESIDES_IN,Location
Q29491731,Q145,RESIDES_IN,Location
Q26469123,Q145,RESIDES_IN,Location
Q26298531,Q145,RESIDES_IN,Location
Q21592308,Q145,RESIDES_IN,Location
Q110989838,Q145,RESIDES_IN,Location
Q26587018,Q145,RESIDES_IN,Location
Q80581417,Q145,RESIDES_IN,Location
Q898097,Q145,RESIDES_IN,Location
Q1258373,Q145,RESIDES_IN,Location
Q905049,Q145,RESIDES_IN,Location
Q220198,Q145,RESIDES_IN,Location
Q26610404,Q145,RESIDES_IN,Location
Q26279196,Q145,RESIDES_IN,Location
Q5048653,Q145,RESIDES_IN,Location
Q548721,Q145,RESIDES_IN,Location
Q7958471,Q145,RESIDES_IN,Location
Q79683973,Q145,RESIDES_IN,Location
Q26298044,Q145,RESIDES_IN,Location
Q15070396,Q145,RESIDES_IN,Location
Q80858316,Q145,RESIDES_IN,Location
Q80578301,Q145,RESIDES_IN,Location
Q29500738,Q145,RESIDES_IN,Location
Q99591750,Q145,RESIDES_IN,Location
Q80582154,Q145,RESIDES_IN,Location
Q79684434,Q145,RESIDES_IN,Location
Q26418290,Q145,RESIDES_IN,Location
Q80856062,Q145,RESIDES_IN,Location
Q2395492,Q145,RESIDES_IN,Location
Q80855168,Q145,RESIDES_IN,Location
Q18353351,Q145,RESIDES_IN,Location
Q7497944,Q145,RESIDES_IN,Location
Q230899,Q145,RESIDES_IN,Location
Q29485492,Q145,RESIDES_IN,Location
Q80855029,Q145,RESIDES_IN,Location
Q26561380,Q145,RESIDES_IN,Location
Q80477125,Q145,RESIDES_IN,Location
Q80855027,Q145,RESIDES_IN,Location
Q5329757,Q145,RESIDES_IN,Location
Q96405998,Q145,RESIDES_IN,Location
Q20111369,Q145,RESIDES_IN,Location
Q26300633,Q145,RESIDES_IN,Location
Q99591760,Q145,RESIDES_IN,Location
Q26434841,Q145,RESIDES_IN,Location
Q80581985,Q145,RESIDES_IN,Location
Q29501783,Q145,RESIDES_IN,Location
Q18192655,Q145,RESIDES_IN,Location
Q26496285,Q145,RESIDES_IN,Location
Q80584036,Q145,RESIDES_IN,Location
Q99592528,Q145,RESIDES_IN,Location
Q80859354,Q145,RESIDES_IN,Location
Q29482002,Q145,RESIDES_IN,Location
Q26586460,Q145,RESIDES_IN,Location
Q26412353,Q145,RESIDES_IN,Location
Q26408545,Q145,RESIDES_IN,Location
Q79684249,Q145,RESIDES_IN,Location
Q26303748,Q145,RESIDES_IN,Location
Q80582498,Q145,RESIDES_IN,Location
Q80477283,Q145,RESIDES_IN,Location
Q88916688,Q145,RESIDES_IN,Location
Q26408325,Q145,RESIDES_IN,Location
Q6508164,Q145,RESIDES_IN,Location
Q80476709,Q145,RESIDES_IN,Location
Q80859696,Q145,RESIDES_IN,Location
Q80856634,Q145,RESIDES_IN,Location
Q80859092,Q145,RESIDES_IN,Location
Q80584881,Q145,RESIDES_IN,Location
Q109940087,Q145,RESIDES_IN,Location
Q80583018,Q145,RESIDES_IN,Location
Q105136614,Q145,RESIDES_IN,Location
Q99593220,Q145,RESIDES_IN,Location
Q80855768,Q145,RESIDES_IN,Location
Q13156826,Q145,RESIDES_IN,Location
Q680991,Q145,RESIDES_IN,Location
Q112118206,Q145,RESIDES_IN,Location
Q26631265,Q145,RESIDES_IN,Location
Q13529026,Q145,RESIDES_IN,Location
Q80583291,Q145,RESIDES_IN,Location
Q80856840,Q145,RESIDES_IN,Location
Q26405345,Q145,RESIDES_IN,Location
Q80477084,Q145,RESIDES_IN,Location
Q64008114,Q145,RESIDES_IN,Location
Q79684304,Q145,RESIDES_IN,Location
Q88973867,Q145,RESIDES_IN,Location
Q26524237,Q145,RESIDES_IN,Location
Q5973741,Q30,RESIDES_IN,Location
Q59849147,Q408,RESIDES_IN,Location
Q80582484,Q145,RESIDES_IN,Location
Q26316281,Q145,RESIDES_IN,Location
Q26376829,Q145,RESIDES_IN,Location
Q26485098,Q145,RESIDES_IN,Location
Q5233633,Q145,RESIDES_IN,Location
Q80856535,Q145,RESIDES_IN,Location
Q26450824,Q145,RESIDES_IN,Location
Q26431258,Q145,RESIDES_IN,Location
Q29488258,Q145,RESIDES_IN,Location
Q26522212,Q145,RESIDES_IN,Location
Q22101973,Q145,RESIDES_IN,Location
Q88967163,Q145,RESIDES_IN,Location
Q26631412,Q145,RESIDES_IN,Location
Q70628374,Q145,RESIDES_IN,Location
Q55832934,Q145,RESIDES_IN,Location
Q80857582,Q145,RESIDES_IN,Location
Q81047945,Q145,RESIDES_IN,Location
Q80583503,Q145,RESIDES_IN,Location
Q26547924,Q145,RESIDES_IN,Location
Q80577848,Q145,RESIDES_IN,Location
Q4868453,Q145,RESIDES_IN,Location
Q26637824,Q145,RESIDES_IN,Location
Q80584621,Q145,RESIDES_IN,Location
Q26303746,Q145,RESIDES_IN,Location
Q5431934,Q145,RESIDES_IN,Location
Q109285858,Q30,RESIDES_IN,Location
Q26674433,Q145,RESIDES_IN,Location
Q80855533,Q145,RESIDES_IN,Location
Q105637181,Q145,RESIDES_IN,Location
Q72314763,Q145,RESIDES_IN,Location
Q26505371,Q145,RESIDES_IN,Location
Q61862563,Q145,RESIDES_IN,Location
Q99592959,Q145,RESIDES_IN,Location
Q65113867,Q145,RESIDES_IN,Location
Q80856035,Q145,RESIDES_IN,Location
Q16988941,Q145,RESIDES_IN,Location
Q61863206,Q145,RESIDES_IN,Location
Q29493389,Q145,RESIDES_IN,Location
Q79683872,Q145,RESIDES_IN,Location
Q88917015,Q145,RESIDES_IN,Location
Q18636578,Q145,RESIDES_IN,Location
Q21006819,Q145,RESIDES_IN,Location
Q26407811,Q145,RESIDES_IN,Location
Q80859156,Q145,RESIDES_IN,Location
Q26415571,Q145,RESIDES_IN,Location
Q99592706,Q145,RESIDES_IN,Location
Q26585497,Q145,RESIDES_IN,Location
Q80578393,Q145,RESIDES_IN,Location
Q26429514,Q145,RESIDES_IN,Location
Q26406604,Q145,RESIDES_IN,Location
Q80583397,Q145,RESIDES_IN,Location
Q79684758,Q145,RESIDES_IN,Location
Q3183731,Q145,RESIDES_IN,Location
Q17779863,Q145,RESIDES_IN,Location
Q26531154,Q145,RESIDES_IN,Location
Q80858343,Q145,RESIDES_IN,Location
Q80476904,Q145,RESIDES_IN,Location
Q80857953,Q145,RESIDES_IN,Location
Q80582828,Q145,RESIDES_IN,Location
Q7618813,Q145,RESIDES_IN,Location
Q26354696,Q145,RESIDES_IN,Location
Q26489604,Q145,RESIDES_IN,Location
Q7164595,Q145,RESIDES_IN,Location
Q80476667,Q145,RESIDES_IN,Location
Q26472005,Q145,RESIDES_IN,Location
Q80581938,Q145,RESIDES_IN,Location
Q26502717,Q145,RESIDES_IN,Location
Q15276822,Q145,RESIDES_IN,Location
Q26610550,Q145,RESIDES_IN,Location
Q80476210,Q145,RESIDES_IN,Location
Q80585135,Q145,RESIDES_IN,Location
Q26625906,Q145,RESIDES_IN,Location
Q104727187,Q145,RESIDES_IN,Location
Q80577858,Q145,RESIDES_IN,Location
Q80476604,Q145,RESIDES_IN,Location
Q110484131,Q145,RESIDES_IN,Location
Q29490346,Q145,RESIDES_IN,Location
Q29495914,Q145,RESIDES_IN,Location
Q5517752,Q145,RESIDES_IN,Location
Q80857024,Q145,RESIDES_IN,Location
Q79683940,Q145,RESIDES_IN,Location
Q26639057,Q145,RESIDES_IN,Location
Q16996755,Q145,RESIDES_IN,Location
Q27082283,Q145,RESIDES_IN,Location
Q88915786,Q145,RESIDES_IN,Location
Q582666,Q145,RESIDES_IN,Location
Q7775324,Q145,RESIDES_IN,Location
Q113988629,Q145,RESIDES_IN,Location
Q80477056,Q145,RESIDES_IN,Location
Q26328229,Q145,RESIDES_IN,Location
Q80856836,Q145,RESIDES_IN,Location
Q26511765,Q145,RESIDES_IN,Location
Q79684213,Q145,RESIDES_IN,Location
Q80858757,Q145,RESIDES_IN,Location
Q80858706,Q145,RESIDES_IN,Location
Q80856717,Q145,RESIDES_IN,Location
Q5000878,Q145,RESIDES_IN,Location
Q99593225,Q145,RESIDES_IN,Location
Q99593188,Q145,RESIDES_IN,Location
Q26643072,Q145,RESIDES_IN,Location
Q80859519,Q145,RESIDES_IN,Location
Q80582643,Q145,RESIDES_IN,Location
Q80856171,Q145,RESIDES_IN,Location
Q26642267,Q145,RESIDES_IN,Location
Q26629876,Q145,RESIDES_IN,Location
Q99592475,Q145,RESIDES_IN,Location
Q80582236,Q145,RESIDES_IN,Location
Q80584936,Q145,RESIDES_IN,Location
Q26567289,Q145,RESIDES_IN,Location
Q26469570,Q145,RESIDES_IN,Location
Q29498955,Q145,RESIDES_IN,Location
Q80577866,Q145,RESIDES_IN,Location
Q26625652,Q145,RESIDES_IN,Location
Q26522528,Q145,RESIDES_IN,Location
Q26242212,Q145,RESIDES_IN,Location
Q29502076,Q145,RESIDES_IN,Location
Q88916761,Q145,RESIDES_IN,Location
Q99592444,Q145,RESIDES_IN,Location
Q5764570,Q145,RESIDES_IN,Location
Q26299177,Q145,RESIDES_IN,Location
Q88967156,Q145,RESIDES_IN,Location
Q61915666,Q145,RESIDES_IN,Location
Q52157891,Q145,RESIDES_IN,Location
Q17747095,Q145,RESIDES_IN,Location
Q99592550,Q145,RESIDES_IN,Location
Q17546750,Q145,RESIDES_IN,Location
Q80476349,Q145,RESIDES_IN,Location
Q56556879,Q145,RESIDES_IN,Location
Q81047805,Q145,RESIDES_IN,Location
Q26557561,Q145,RESIDES_IN,Location
Q1101257,Q145,RESIDES_IN,Location
Q26459356,Q145,RESIDES_IN,Location
Q26645247,Q145,RESIDES_IN,Location
Q26599043,Q145,RESIDES_IN,Location
Q80583374,Q145,RESIDES_IN,Location
Q80584789,Q145,RESIDES_IN,Location
Q26287535,Q145,RESIDES_IN,Location
Q17546810,Q145,RESIDES_IN,Location
Q80858593,Q145,RESIDES_IN,Location
Q80858539,Q145,RESIDES_IN,Location
Q99592687,Q145,RESIDES_IN,Location
Q26478682,Q145,RESIDES_IN,Location
Q80583777,Q145,RESIDES_IN,Location
Q22004625,Q145,RESIDES_IN,Location
Q80582619,Q145,RESIDES_IN,Location
Q80583300,Q145,RESIDES_IN,Location
Q26617034,Q145,RESIDES_IN,Location
Q80584514,Q145,RESIDES_IN,Location
Q29483790,Q145,RESIDES_IN,Location
Q26299569,Q145,RESIDES_IN,Location
Q7879965,Q145,RESIDES_IN,Location
Q61037767,Q145,RESIDES_IN,Location
Q21592499,Q145,RESIDES_IN,Location
Q7450972,Q145,RESIDES_IN,Location
Q23891253,Q145,RESIDES_IN,Location
Q30097763,Q145,RESIDES_IN,Location
Q919105,Q145,RESIDES_IN,Location
Q61890133,Q145,RESIDES_IN,Location
Q26593186,Q145,RESIDES_IN,Location
Q64073735,Q145,RESIDES_IN,Location
Q29490573,Q145,RESIDES_IN,Location
Q4944037,Q145,RESIDES_IN,Location
Q26584836,Q145,RESIDES_IN,Location
Q26490218,Q145,RESIDES_IN,Location
Q80577800,Q145,RESIDES_IN,Location
Q26520559,Q145,RESIDES_IN,Location
Q5413836,Q145,RESIDES_IN,Location
Q80585138,Q145,RESIDES_IN,Location
Q29483184,Q145,RESIDES_IN,Location
Q16842267,Q145,RESIDES_IN,Location
Q18161687,Q145,RESIDES_IN,Location
Q99593087,Q145,RESIDES_IN,Location
Q5416639,Q145,RESIDES_IN,Location
Q80855601,Q145,RESIDES_IN,Location
Q17361837,Q145,RESIDES_IN,Location
Q7755366,Q145,RESIDES_IN,Location
Q17361854,Q145,RESIDES_IN,Location
Q26481110,Q145,RESIDES_IN,Location
Q26533345,Q145,RESIDES_IN,Location
Q80859705,Q145,RESIDES_IN,Location
Q7574399,Q30,RESIDES_IN,Location
Q17017470,Q145,RESIDES_IN,Location
Q26575426,Q145,RESIDES_IN,Location
Q99591040,Q145,RESIDES_IN,Location
Q56174178,Q145,RESIDES_IN,Location
Q17537997,Q145,RESIDES_IN,Location
Q80855926,Q145,RESIDES_IN,Location
Q26618712,Q145,RESIDES_IN,Location
Q79684547,Q145,RESIDES_IN,Location
Q66363107,Q145,RESIDES_IN,Location
Q80582958,Q145,RESIDES_IN,Location
Q26625839,Q145,RESIDES_IN,Location
Q80584632,Q145,RESIDES_IN,Location
Q99592327,Q145,RESIDES_IN,Location
Q7747229,Q145,RESIDES_IN,Location
Q26550631,Q145,RESIDES_IN,Location
Q80857418,Q145,RESIDES_IN,Location
Q26541605,Q145,RESIDES_IN,Location
Q3140001,Q145,RESIDES_IN,Location
Q6104441,Q145,RESIDES_IN,Location
Q16988718,Q145,RESIDES_IN,Location
Q79684460,Q145,RESIDES_IN,Location
Q693730,Q145,RESIDES_IN,Location
Q80858795,Q145,RESIDES_IN,Location
Q3013343,Q145,RESIDES_IN,Location
Q3924088,Q145,RESIDES_IN,Location
Q26510041,Q145,RESIDES_IN,Location
Q5187999,Q145,RESIDES_IN,Location
Q83558971,Q145,RESIDES_IN,Location
Q80585038,Q145,RESIDES_IN,Location
Q2464716,Q145,RESIDES_IN,Location
Q85811208,Q145,RESIDES_IN,Location
Q88915737,Q145,RESIDES_IN,Location
Q113631035,Q145,RESIDES_IN,Location
Q15979554,Q145,RESIDES_IN,Location
Q80585126,Q145,RESIDES_IN,Location
Q80858095,Q145,RESIDES_IN,Location
Q99592946,Q145,RESIDES_IN,Location
Q80857153,Q145,RESIDES_IN,Location
Q21585361,Q145,RESIDES_IN,Location
Q17806870,Q145,RESIDES_IN,Location
Q26576908,Q145,RESIDES_IN,Location
Q18161125,Q145,RESIDES_IN,Location
Q26325401,Q145,RESIDES_IN,Location
Q108908102,Q145,RESIDES_IN,Location
Q88917701,Q145,RESIDES_IN,Location
Q29488854,Q145,RESIDES_IN,Location
Q99592540,Q145,RESIDES_IN,Location
Q29482095,Q145,RESIDES_IN,Location
Q7917205,Q145,RESIDES_IN,Location
Q105939173,Q145,RESIDES_IN,Location
Q17740122,Q145,RESIDES_IN,Location
Q99593244,Q145,RESIDES_IN,Location
Q638098,Q145,RESIDES_IN,Location
Q26522846,Q145,RESIDES_IN,Location
Q29482916,Q145,RESIDES_IN,Location
Q26472222,Q145,RESIDES_IN,Location
Q26489871,Q145,RESIDES_IN,Location
Q49807274,Q145,RESIDES_IN,Location
Q3088141,Q145,RESIDES_IN,Location
Q80577917,Q145,RESIDES_IN,Location
Q17532992,Q145,RESIDES_IN,Location
Q1424962,Q145,RESIDES_IN,Location
Q88915768,Q145,RESIDES_IN,Location
Q88917719,Q145,RESIDES_IN,Location
Q29025204,Q145,RESIDES_IN,Location
Q61875597,Q145,RESIDES_IN,Location
Q105106374,Q145,RESIDES_IN,Location
Q80581573,Q145,RESIDES_IN,Location
Q80856497,Q145,RESIDES_IN,Location
Q29491836,Q145,RESIDES_IN,Location
Q80583560,Q145,RESIDES_IN,Location
Q7984828,Q145,RESIDES_IN,Location
Q26554547,Q145,RESIDES_IN,Location
Q79466111,Q145,RESIDES_IN,Location
Q2337964,Q145,RESIDES_IN,Location
Q80855786,Q145,RESIDES_IN,Location
Q4923252,Q145,RESIDES_IN,Location
Q29017831,Q145,RESIDES_IN,Location
Q17028013,Q145,RESIDES_IN,Location
Q27080748,Q145,RESIDES_IN,Location
Q7974594,Q145,RESIDES_IN,Location
Q99592340,Q145,RESIDES_IN,Location
Q61866099,Q145,RESIDES_IN,Location
Q28609672,Q145,RESIDES_IN,Location
Q81048005,Q145,RESIDES_IN,Location
Q4801022,Q27,RESIDES_IN,Location
Q80859483,Q145,RESIDES_IN,Location
Q26301149,Q145,RESIDES_IN,Location
Q26682956,Q145,RESIDES_IN,Location
Q2030718,Q145,RESIDES_IN,Location
Q26432479,Q145,RESIDES_IN,Location
Q80857043,Q145,RESIDES_IN,Location
Q17156801,Q145,RESIDES_IN,Location
Q108455318,Q145,RESIDES_IN,Location
Q12342923,Q145,RESIDES_IN,Location
Q26387648,Q145,RESIDES_IN,Location
Q26475319,Q145,RESIDES_IN,Location
Q80859200,Q145,RESIDES_IN,Location
Q80582914,Q145,RESIDES_IN,Location
Q80476429,Q145,RESIDES_IN,Location
Q5415901,Q145,RESIDES_IN,Location
Q29490565,Q145,RESIDES_IN,Location
Q26381510,Q145,RESIDES_IN,Location
Q80856617,Q145,RESIDES_IN,Location
Q28402417,Q145,RESIDES_IN,Location
Q26444104,Q145,RESIDES_IN,Location
Q5415877,Q27,RESIDES_IN,Location
Q80855841,Q145,RESIDES_IN,Location
Q99592983,Q145,RESIDES_IN,Location
Q61866046,Q145,RESIDES_IN,Location
Q88916781,Q145,RESIDES_IN,Location
Q111551681,Q145,RESIDES_IN,Location
Q7731480,Q145,RESIDES_IN,Location
Q80584892,Q145,RESIDES_IN,Location
Q20054030,Q145,RESIDES_IN,Location
Q80855741,Q145,RESIDES_IN,Location
Q21008696,Q145,RESIDES_IN,Location
Q26669442,Q145,RESIDES_IN,Location
Q80858251,Q145,RESIDES_IN,Location
Q29482041,Q145,RESIDES_IN,Location
Q8050759,Q145,RESIDES_IN,Location
Q80581996,Q145,RESIDES_IN,Location
Q3304316,Q145,RESIDES_IN,Location
Q80584366,Q145,RESIDES_IN,Location
Q26642991,Q145,RESIDES_IN,Location
Q1688976,Q145,RESIDES_IN,Location
Q80476359,Q145,RESIDES_IN,Location
Q26939075,Q145,RESIDES_IN,Location
Q26530542,Q145,RESIDES_IN,Location
Q99593029,Q145,RESIDES_IN,Location
Q80857646,Q145,RESIDES_IN,Location
Q6204064,Q145,RESIDES_IN,Location
Q80857340,Q145,RESIDES_IN,Location
Q80583551,Q145,RESIDES_IN,Location
Q80858805,Q145,RESIDES_IN,Location
Q26549755,Q145,RESIDES_IN,Location
Q26293835,Q145,RESIDES_IN,Location
Q29492140,Q145,RESIDES_IN,Location
Q112968797,Q145,RESIDES_IN,Location
Q26450442,Q145,RESIDES_IN,Location
Q26516371,Q145,RESIDES_IN,Location
Q8039718,Q145,RESIDES_IN,Location
Q88967142,Q145,RESIDES_IN,Location
Q80855839,Q145,RESIDES_IN,Location
Q26317251,Q145,RESIDES_IN,Location
Q80581804,Q145,RESIDES_IN,Location
Q26370659,Q145,RESIDES_IN,Location
Q79684377,Q145,RESIDES_IN,Location
Q80855879,Q145,RESIDES_IN,Location
Q26592736,Q145,RESIDES_IN,Location
Q29487071,Q145,RESIDES_IN,Location
Q61876283,Q145,RESIDES_IN,Location
Q7492606,Q145,RESIDES_IN,Location
Q26429817,Q145,RESIDES_IN,Location
Q26581397,Q145,RESIDES_IN,Location
Q99592457,Q145,RESIDES_IN,Location
Q26626175,Q145,RESIDES_IN,Location
Q26303689,Q145,RESIDES_IN,Location
Q3438119,Q145,RESIDES_IN,Location
Q7894775,Q145,RESIDES_IN,Location
Q80582756,Q145,RESIDES_IN,Location
Q18534517,Q145,RESIDES_IN,Location
Q5171808,Q145,RESIDES_IN,Location
Q26633897,Q145,RESIDES_IN,Location
Q21480323,Q145,RESIDES_IN,Location
Q80582099,Q145,RESIDES_IN,Location
Q29491391,Q145,RESIDES_IN,Location
Q88967146,Q145,RESIDES_IN,Location
Q80581873,Q145,RESIDES_IN,Location
Q26648590,Q145,RESIDES_IN,Location
Q99592929,Q145,RESIDES_IN,Location
Q26524590,Q145,RESIDES_IN,Location
Q87737229,Q145,RESIDES_IN,Location
Q26384831,Q145,RESIDES_IN,Location
Q6692094,Q145,RESIDES_IN,Location
Q26583380,Q145,RESIDES_IN,Location
Q1049970,Q145,RESIDES_IN,Location
Q80583063,Q145,RESIDES_IN,Location
Q7732234,Q145,RESIDES_IN,Location
Q79684202,Q145,RESIDES_IN,Location
Q61863207,Q145,RESIDES_IN,Location
Q83559691,Q145,RESIDES_IN,Location
Q26453217,Q145,RESIDES_IN,Location
Q26659763,Q145,RESIDES_IN,Location
Q5912163,Q145,RESIDES_IN,Location
Q80582589,Q145,RESIDES_IN,Location
Q26621745,Q145,RESIDES_IN,Location
Q99592448,Q145,RESIDES_IN,Location
Q80859549,Q145,RESIDES_IN,Location
Q488048,Q145,RESIDES_IN,Location
Q113383442,Q145,RESIDES_IN,Location
Q61876302,Q145,RESIDES_IN,Location
Q29488264,Q145,RESIDES_IN,Location
Q26411996,Q145,RESIDES_IN,Location
Q106869094,Q145,RESIDES_IN,Location
Q80581570,Q145,RESIDES_IN,Location
Q26549177,Q145,RESIDES_IN,Location
Q26336661,Q145,RESIDES_IN,Location
Q26566107,Q145,RESIDES_IN,Location
Q26489936,Q145,RESIDES_IN,Location
Q5315020,Q145,RESIDES_IN,Location
Q7762394,Q145,RESIDES_IN,Location
Q26320998,Q145,RESIDES_IN,Location
Q111422197,Q145,RESIDES_IN,Location
Q26524469,Q145,RESIDES_IN,Location
Q26472996,Q145,RESIDES_IN,Location
Q80856509,Q145,RESIDES_IN,Location
Q623806,Q145,RESIDES_IN,Location
Q80582333,Q145,RESIDES_IN,Location
Q17150533,Q145,RESIDES_IN,Location
Q26450741,Q145,RESIDES_IN,Location
Q26513964,Q145,RESIDES_IN,Location
Q17018181,Q145,RESIDES_IN,Location
Q29481407,Q145,RESIDES_IN,Location
Q99593240,Q145,RESIDES_IN,Location
Q17534049,Q145,RESIDES_IN,Location
Q26502737,Q145,RESIDES_IN,Location
Q26547843,Q145,RESIDES_IN,Location
Q26533057,Q145,RESIDES_IN,Location
Q80857893,Q145,RESIDES_IN,Location
Q26490833,Q145,RESIDES_IN,Location
Q26321241,Q145,RESIDES_IN,Location
Q946617,Q145,RESIDES_IN,Location
Q79684276,Q145,RESIDES_IN,Location
Q79684216,Q145,RESIDES_IN,Location
Q26484944,Q145,RESIDES_IN,Location
Q7721277,Q145,RESIDES_IN,Location
Q80582462,Q145,RESIDES_IN,Location
Q80584986,Q145,RESIDES_IN,Location
Q7374962,Q145,RESIDES_IN,Location
Q26450080,Q145,RESIDES_IN,Location
Q80584958,Q145,RESIDES_IN,Location
Q8050762,Q145,RESIDES_IN,Location
Q88916125,Q145,RESIDES_IN,Location
Q80476518,Q145,RESIDES_IN,Location
Q80578383,Q145,RESIDES_IN,Location
Q80583857,Q145,RESIDES_IN,Location
Q80584186,Q145,RESIDES_IN,Location
Q80476526,Q145,RESIDES_IN,Location
Q15978902,Q145,RESIDES_IN,Location
Q80582901,Q145,RESIDES_IN,Location
Q61876272,Q145,RESIDES_IN,Location
Q26436905,Q145,RESIDES_IN,Location
Q26659905,Q145,RESIDES_IN,Location
Q26352597,Q145,RESIDES_IN,Location
Q80584811,Q145,RESIDES_IN,Location
Q26448398,Q145,RESIDES_IN,Location
Q26449531,Q145,RESIDES_IN,Location
Q26440928,Q145,RESIDES_IN,Location
Q80855615,Q145,RESIDES_IN,Location
Q79683836,Q145,RESIDES_IN,Location
Q26654268,Q145,RESIDES_IN,Location
Q85956281,Q145,RESIDES_IN,Location
Q26526984,Q145,RESIDES_IN,Location
Q87142619,Q145,RESIDES_IN,Location
Q99593037,Q145,RESIDES_IN,Location
Q26605404,Q145,RESIDES_IN,Location
Q80581951,Q145,RESIDES_IN,Location
Q7436133,Q145,RESIDES_IN,Location
Q99593260,Q145,RESIDES_IN,Location
Q99592068,Q145,RESIDES_IN,Location
Q6999044,Q145,RESIDES_IN,Location
Q113954212,Q145,RESIDES_IN,Location
Q99592479,Q145,RESIDES_IN,Location
Q80578314,Q145,RESIDES_IN,Location
Q14514990,Q145,RESIDES_IN,Location
Q7235675,Q145,RESIDES_IN,Location
Q26272682,Q145,RESIDES_IN,Location
Q19307691,Q145,RESIDES_IN,Location
Q108749467,Q183,RESIDES_IN,Location
Q80477219,Q145,RESIDES_IN,Location
Q80856940,Q145,RESIDES_IN,Location
Q80857387,Q145,RESIDES_IN,Location
Q79684627,Q145,RESIDES_IN,Location
Q26299795,Q145,RESIDES_IN,Location
Q26391957,Q145,RESIDES_IN,Location
Q80584380,Q145,RESIDES_IN,Location
Q79461674,Q145,RESIDES_IN,Location
Q80582243,Q145,RESIDES_IN,Location
Q296782,Q145,RESIDES_IN,Location
Q114423668,Q145,RESIDES_IN,Location
Q26318258,Q145,RESIDES_IN,Location
Q59537085,Q145,RESIDES_IN,Location
Q80584930,Q145,RESIDES_IN,Location
Q7164557,Q145,RESIDES_IN,Location
Q99591896,Q145,RESIDES_IN,Location
Q80855321,Q145,RESIDES_IN,Location
Q99592318,Q145,RESIDES_IN,Location
Q502509,Q145,RESIDES_IN,Location
Q39064,Q145,RESIDES_IN,Location
Q88916363,Q145,RESIDES_IN,Location
Q8961925,Q145,RESIDES_IN,Location
Q80585059,Q145,RESIDES_IN,Location
Q6122893,Q145,RESIDES_IN,Location
Q41794627,Q145,RESIDES_IN,Location
Q80577867,Q145,RESIDES_IN,Location
Q1076074,Q145,RESIDES_IN,Location
Q26572244,Q145,RESIDES_IN,Location
Q99593107,Q145,RESIDES_IN,Location
Q29487004,Q145,RESIDES_IN,Location
Q26441076,Q145,RESIDES_IN,Location
Q99592577,Q145,RESIDES_IN,Location
Q26499663,Q145,RESIDES_IN,Location
Q79683963,Q145,RESIDES_IN,Location
Q80581747,Q145,RESIDES_IN,Location
Q80858738,Q145,RESIDES_IN,Location
Q26548428,Q145,RESIDES_IN,Location
Q21189883,Q30,RESIDES_IN,Location
Q26620724,Q145,RESIDES_IN,Location
Q19596791,Q145,RESIDES_IN,Location
Q26383416,Q145,RESIDES_IN,Location
Q79684638,Q145,RESIDES_IN,Location
Q26292487,Q145,RESIDES_IN,Location
Q80583902,Q145,RESIDES_IN,Location
Q26583638,Q145,RESIDES_IN,Location
Q18160491,Q145,RESIDES_IN,Location
Q80856586,Q145,RESIDES_IN,Location
Q7764843,Q145,RESIDES_IN,Location
Q7691413,Q145,RESIDES_IN,Location
Q26636115,Q145,RESIDES_IN,Location
Q16974671,Q145,RESIDES_IN,Location
Q5329821,Q145,RESIDES_IN,Location
Q80858975,Q145,RESIDES_IN,Location
Q100450291,Q145,RESIDES_IN,Location
Q107169851,Q145,RESIDES_IN,Location
Q80858054,Q145,RESIDES_IN,Location
Q88916367,Q145,RESIDES_IN,Location
Q29483043,Q145,RESIDES_IN,Location
Q2118336,Q145,RESIDES_IN,Location
Q16952586,Q145,RESIDES_IN,Location
Q16927823,Q145,RESIDES_IN,Location
Q26569211,Q145,RESIDES_IN,Location
Q27928770,Q145,RESIDES_IN,Location
Q80476648,Q145,RESIDES_IN,Location
Q79684425,Q145,RESIDES_IN,Location
Q26429165,Q145,RESIDES_IN,Location
Q7836137,Q145,RESIDES_IN,Location
Q29482238,Q145,RESIDES_IN,Location
Q26424818,Q145,RESIDES_IN,Location
Q4789790,Q145,RESIDES_IN,Location
Q98593285,Q145,RESIDES_IN,Location
Q80581840,Q145,RESIDES_IN,Location
Q80477375,Q145,RESIDES_IN,Location
Q99591867,Q145,RESIDES_IN,Location
Q79466052,Q145,RESIDES_IN,Location
Q26630754,Q145,RESIDES_IN,Location
Q80583570,Q145,RESIDES_IN,Location
Q4641104,Q145,RESIDES_IN,Location
Q99592450,Q145,RESIDES_IN,Location
Q80582208,Q145,RESIDES_IN,Location
Q80583034,Q145,RESIDES_IN,Location
Q80477024,Q145,RESIDES_IN,Location
Q80577818,Q145,RESIDES_IN,Location
Q26666856,Q145,RESIDES_IN,Location
Q80857829,Q145,RESIDES_IN,Location
Q99592972,Q145,RESIDES_IN,Location
Q26621328,Q145,RESIDES_IN,Location
Q4954399,Q145,RESIDES_IN,Location
Q78603220,Q145,RESIDES_IN,Location
Q26305695,Q145,RESIDES_IN,Location
Q3866987,Q145,RESIDES_IN,Location
Q26551958,Q145,RESIDES_IN,Location
Q4664352,Q145,RESIDES_IN,Location
Q26671049,Q145,RESIDES_IN,Location
Q24023948,Q145,RESIDES_IN,Location
Q80859173,Q145,RESIDES_IN,Location
Q5332118,Q145,RESIDES_IN,Location
Q26547958,Q145,RESIDES_IN,Location
Q16996306,Q145,RESIDES_IN,Location
Q80582251,Q145,RESIDES_IN,Location
Q99592744,Q145,RESIDES_IN,Location
Q26430870,Q145,RESIDES_IN,Location
Q26355083,Q145,RESIDES_IN,Location
Q80584901,Q145,RESIDES_IN,Location
Q80582539,Q145,RESIDES_IN,Location
Q26484881,Q145,RESIDES_IN,Location
Q5323585,Q145,RESIDES_IN,Location
Q3374730,Q145,RESIDES_IN,Location
Q80855120,Q145,RESIDES_IN,Location
Q26491838,Q145,RESIDES_IN,Location
Q26585730,Q145,RESIDES_IN,Location
Q80859768,Q145,RESIDES_IN,Location
Q7199945,Q145,RESIDES_IN,Location
Q26581494,Q145,RESIDES_IN,Location
Q83558705,Q145,RESIDES_IN,Location
Q80578200,Q145,RESIDES_IN,Location
Q80582302,Q145,RESIDES_IN,Location
Q26291483,Q145,RESIDES_IN,Location
Q80583814,Q145,RESIDES_IN,Location
Q80581792,Q145,RESIDES_IN,Location
Q7654224,Q145,RESIDES_IN,Location
Q26633131,Q145,RESIDES_IN,Location
Q89575318,Q145,RESIDES_IN,Location
Q79461610,Q145,RESIDES_IN,Location
Q17576091,Q145,RESIDES_IN,Location
Q674575,Q35,RESIDES_IN,Location
Q26547152,Q145,RESIDES_IN,Location
Q26438983,Q145,RESIDES_IN,Location
Q6524851,Q145,RESIDES_IN,Location
Q80857892,Q145,RESIDES_IN,Location
Q61876271,Q145,RESIDES_IN,Location
Q31676818,Q145,RESIDES_IN,Location
Q25111797,Q145,RESIDES_IN,Location
Q26539697,Q145,RESIDES_IN,Location
Q99592568,Q145,RESIDES_IN,Location
Q23818238,Q145,RESIDES_IN,Location
Q5280285,Q145,RESIDES_IN,Location
Q70628514,Q145,RESIDES_IN,Location
Q26512865,Q145,RESIDES_IN,Location
Q80583446,Q145,RESIDES_IN,Location
Q80583417,Q145,RESIDES_IN,Location
Q88967122,Q145,RESIDES_IN,Location
Q88916086,Q145,RESIDES_IN,Location
Q26301145,Q145,RESIDES_IN,Location
Q5209225,Q145,RESIDES_IN,Location
Q26422850,Q145,RESIDES_IN,Location
Q3146794,Q145,RESIDES_IN,Location
Q26425293,Q145,RESIDES_IN,Location
Q26298950,Q145,RESIDES_IN,Location
Q26487297,Q145,RESIDES_IN,Location
Q23301483,Q145,RESIDES_IN,Location
Q18345898,Q145,RESIDES_IN,Location
Q107410878,Q145,RESIDES_IN,Location
Q61924004,Q145,RESIDES_IN,Location
Q80584025,Q145,RESIDES_IN,Location
Q1893576,Q145,RESIDES_IN,Location
Q99593217,Q145,RESIDES_IN,Location
Q80857547,Q145,RESIDES_IN,Location
Q11148,Q145,RESIDES_IN,Location
Q26385124,Q145,RESIDES_IN,Location
Q25351738,Q145,RESIDES_IN,Location
Q26405675,Q145,RESIDES_IN,Location
Q26641587,Q145,RESIDES_IN,Location
Q26527121,Q145,RESIDES_IN,Location
Q26602259,Q145,RESIDES_IN,Location
Q80856787,Q145,RESIDES_IN,Location
Q26621081,Q145,RESIDES_IN,Location
Q7115196,Q145,RESIDES_IN,Location
Q65090272,Q145,RESIDES_IN,Location
Q26418453,Q145,RESIDES_IN,Location
Q80477280,Q145,RESIDES_IN,Location
Q79684441,Q145,RESIDES_IN,Location
Q80856681,Q145,RESIDES_IN,Location
Q26480731,Q145,RESIDES_IN,Location
Q26634972,Q145,RESIDES_IN,Location
Q26526416,Q145,RESIDES_IN,Location
Q80584430,Q145,RESIDES_IN,Location
Q26405130,Q145,RESIDES_IN,Location
Q80856555,Q145,RESIDES_IN,Location
Q26564384,Q145,RESIDES_IN,Location
Q17530889,Q145,RESIDES_IN,Location
Q106938039,Q145,RESIDES_IN,Location
Q88973916,Q145,RESIDES_IN,Location
Q80577809,Q145,RESIDES_IN,Location
Q32947598,Q145,RESIDES_IN,Location
Q7932459,Q145,RESIDES_IN,Location
Q80857619,Q145,RESIDES_IN,Location
Q26514178,Q145,RESIDES_IN,Location
Q66087781,Q145,RESIDES_IN,Location
Q99591756,Q145,RESIDES_IN,Location
Q80582176,Q145,RESIDES_IN,Location
Q26593256,Q145,RESIDES_IN,Location
Q26621926,Q145,RESIDES_IN,Location
Q2170997,Q145,RESIDES_IN,Location
Q29487959,Q145,RESIDES_IN,Location
Q26529692,Q145,RESIDES_IN,Location
Q26303310,Q145,RESIDES_IN,Location
Q99591418,Q145,RESIDES_IN,Location
Q26443577,Q145,RESIDES_IN,Location
Q26642157,Q145,RESIDES_IN,Location
Q29486217,Q145,RESIDES_IN,Location
Q99591854,Q145,RESIDES_IN,Location
Q26316802,Q145,RESIDES_IN,Location
Q80856316,Q145,RESIDES_IN,Location
Q238132,Q145,RESIDES_IN,Location
Q26293359,Q145,RESIDES_IN,Location
Q80581834,Q145,RESIDES_IN,Location
Q80857993,Q145,RESIDES_IN,Location
Q80583464,Q145,RESIDES_IN,Location
Q289704,Q145,RESIDES_IN,Location
Q502586,Q145,RESIDES_IN,Location
Q26630624,Q145,RESIDES_IN,Location
Q26675762,Q145,RESIDES_IN,Location
Q83558794,Q145,RESIDES_IN,Location
Q83558716,Q145,RESIDES_IN,Location
Q16992195,Q145,RESIDES_IN,Location
Q5909605,Q145,RESIDES_IN,Location
Q183399,Q145,RESIDES_IN,Location
Q17986576,Q145,RESIDES_IN,Location
Q80859155,Q145,RESIDES_IN,Location
Q5244433,Q145,RESIDES_IN,Location
Q99591713,Q145,RESIDES_IN,Location
Q29490447,Q145,RESIDES_IN,Location
Q29485287,Q145,RESIDES_IN,Location
Q88967179,Q145,RESIDES_IN,Location
Q26636056,Q145,RESIDES_IN,Location
Q29498998,Q145,RESIDES_IN,Location
Q26558171,Q145,RESIDES_IN,Location
Q79684685,Q145,RESIDES_IN,Location
Q61866058,Q145,RESIDES_IN,Location
Q29484629,Q145,RESIDES_IN,Location
Q1671741,Q145,RESIDES_IN,Location
Q26297225,Q145,RESIDES_IN,Location
Q26577196,Q145,RESIDES_IN,Location
Q61890129,Q145,RESIDES_IN,Location
Q26309879,Q145,RESIDES_IN,Location
Q29506360,Q145,RESIDES_IN,Location
Q1140383,Q183,RESIDES_IN,Location
Q80583222,Q145,RESIDES_IN,Location
Q26399390,Q145,RESIDES_IN,Location
Q7936150,Q145,RESIDES_IN,Location
Q95470822,Q145,RESIDES_IN,Location
Q80476952,Q145,RESIDES_IN,Location
Q26295267,Q145,RESIDES_IN,Location
Q26521669,Q145,RESIDES_IN,Location
Q26653003,Q145,RESIDES_IN,Location
Q27084299,Q145,RESIDES_IN,Location
Q26276308,Q145,RESIDES_IN,Location
Q17845797,Q145,RESIDES_IN,Location
Q26440787,Q145,RESIDES_IN,Location
Q7295525,Q145,RESIDES_IN,Location
Q48695958,Q145,RESIDES_IN,Location
Q80476458,Q145,RESIDES_IN,Location
Q16846490,Q145,RESIDES_IN,Location
Q99592480,Q145,RESIDES_IN,Location
Q15734109,Q145,RESIDES_IN,Location
Q1548712,Q145,RESIDES_IN,Location
Q26547139,Q145,RESIDES_IN,Location
Q105384080,Q145,RESIDES_IN,Location
Q17041248,Q145,RESIDES_IN,Location
Q88915769,Q145,RESIDES_IN,Location
Q4970124,Q145,RESIDES_IN,Location
Q17555128,Q145,RESIDES_IN,Location
Q26672038,Q145,RESIDES_IN,Location
Q847869,Q145,RESIDES_IN,Location
Q5000795,Q145,RESIDES_IN,Location
Q30681965,Q30,RESIDES_IN,Location
Q98214444,Q145,RESIDES_IN,Location
Q26652895,Q145,RESIDES_IN,Location
Q61875788,Q145,RESIDES_IN,Location
Q16989248,Q145,RESIDES_IN,Location
Q26381511,Q145,RESIDES_IN,Location
Q26351351,Q145,RESIDES_IN,Location
Q6888437,Q145,RESIDES_IN,Location
Q99592889,Q145,RESIDES_IN,Location
Q96374454,Q145,RESIDES_IN,Location
Q1440267,Q145,RESIDES_IN,Location
Q26501474,Q145,RESIDES_IN,Location
Q99591924,Q145,RESIDES_IN,Location
Q80477305,Q145,RESIDES_IN,Location
Q1889791,Q145,RESIDES_IN,Location
Q80855394,Q145,RESIDES_IN,Location
Q80858979,Q145,RESIDES_IN,Location
Q80583942,Q145,RESIDES_IN,Location
Q80857598,Q145,RESIDES_IN,Location
Q26649050,Q145,RESIDES_IN,Location
Q87449626,Q145,RESIDES_IN,Location
Q26447690,Q145,RESIDES_IN,Location
Q80582402,Q145,RESIDES_IN,Location
Q20113463,Q145,RESIDES_IN,Location
Q110478780,Q145,RESIDES_IN,Location
Q7054285,Q145,RESIDES_IN,Location
Q99592726,Q145,RESIDES_IN,Location
Q88917754,Q145,RESIDES_IN,Location
Q79683926,Q145,RESIDES_IN,Location
Q17984545,Q27,RESIDES_IN,Location
Q83559693,Q145,RESIDES_IN,Location
Q80584266,Q145,RESIDES_IN,Location
Q29490505,Q145,RESIDES_IN,Location
Q26313166,Q145,RESIDES_IN,Location
Q13529041,Q145,RESIDES_IN,Location
Q79684113,Q145,RESIDES_IN,Location
Q26471285,Q145,RESIDES_IN,Location
Q4904749,Q145,RESIDES_IN,Location
Q18354334,Q145,RESIDES_IN,Location
Q238095,Q145,RESIDES_IN,Location
Q79684706,Q145,RESIDES_IN,Location
Q5045782,Q145,RESIDES_IN,Location
Q88917041,Q145,RESIDES_IN,Location
Q7985932,Q145,RESIDES_IN,Location
Q80477275,Q145,RESIDES_IN,Location
Q5770739,Q145,RESIDES_IN,Location
Q7962149,Q145,RESIDES_IN,Location
Q26300220,Q145,RESIDES_IN,Location
Q21559812,Q145,RESIDES_IN,Location
Q86756254,Q145,RESIDES_IN,Location
Q26549100,Q145,RESIDES_IN,Location
Q5600196,Q145,RESIDES_IN,Location
Q99592553,Q145,RESIDES_IN,Location
Q26591392,Q145,RESIDES_IN,Location
Q26508637,Q145,RESIDES_IN,Location
Q80577923,Q145,RESIDES_IN,Location
Q99592961,Q145,RESIDES_IN,Location
Q26664112,Q145,RESIDES_IN,Location
Q26318520,Q145,RESIDES_IN,Location
Q88917351,Q145,RESIDES_IN,Location
Q26653538,Q145,RESIDES_IN,Location
Q26538701,Q145,RESIDES_IN,Location
Q26503811,Q145,RESIDES_IN,Location
Q26441363,Q145,RESIDES_IN,Location
Q26636398,Q145,RESIDES_IN,Location
Q109532839,Q145,RESIDES_IN,Location
Q27081434,Q145,RESIDES_IN,Location
Q26571555,Q145,RESIDES_IN,Location
Q80582706,Q145,RESIDES_IN,Location
Q19873165,Q145,RESIDES_IN,Location
Q18161385,Q145,RESIDES_IN,Location
Q26394454,Q145,RESIDES_IN,Location
Q80582662,Q145,RESIDES_IN,Location
Q85845666,Q145,RESIDES_IN,Location
Q17532348,Q145,RESIDES_IN,Location
Q26296002,Q145,RESIDES_IN,Location
Q7259802,Q145,RESIDES_IN,Location
Q80578224,Q145,RESIDES_IN,Location
Q80582445,Q145,RESIDES_IN,Location
Q80859312,Q145,RESIDES_IN,Location
Q1548159,Q145,RESIDES_IN,Location
Q99591737,Q145,RESIDES_IN,Location
Q80577804,Q145,RESIDES_IN,Location
Q26511303,Q145,RESIDES_IN,Location
Q2408951,Q145,RESIDES_IN,Location
Q4896510,Q145,RESIDES_IN,Location
Q107815303,Q145,RESIDES_IN,Location
Q79684739,Q145,RESIDES_IN,Location
Q26382707,Q145,RESIDES_IN,Location
Q80584195,Q145,RESIDES_IN,Location
Q26663094,Q145,RESIDES_IN,Location
Q26574624,Q145,RESIDES_IN,Location
Q26639358,Q145,RESIDES_IN,Location
Q61904746,Q145,RESIDES_IN,Location
Q26528061,Q145,RESIDES_IN,Location
Q61610403,Q145,RESIDES_IN,Location
Q99592212,Q145,RESIDES_IN,Location
Q26482532,Q145,RESIDES_IN,Location
Q7848014,Q145,RESIDES_IN,Location
Q26503615,Q145,RESIDES_IN,Location
Q29487490,Q145,RESIDES_IN,Location
Q80584206,Q145,RESIDES_IN,Location
Q217623,Q145,RESIDES_IN,Location
Q26547982,Q145,RESIDES_IN,Location
Q80858515,Q145,RESIDES_IN,Location
Q80859529,Q145,RESIDES_IN,Location
Q26354522,Q145,RESIDES_IN,Location
Q16997376,Q145,RESIDES_IN,Location
Q15255982,Q145,RESIDES_IN,Location
Q26396487,Q145,RESIDES_IN,Location
Q80857610,Q145,RESIDES_IN,Location
Q26653861,Q145,RESIDES_IN,Location
Q26552791,Q145,RESIDES_IN,Location
Q80855254,Q145,RESIDES_IN,Location
Q110144134,Q145,RESIDES_IN,Location
Q30402016,Q145,RESIDES_IN,Location
Q80582356,Q145,RESIDES_IN,Location
Q88917745,Q145,RESIDES_IN,Location
Q111685065,Q145,RESIDES_IN,Location
Q26654163,Q145,RESIDES_IN,Location
Q79684346,Q145,RESIDES_IN,Location
Q80584419,Q145,RESIDES_IN,Location
Q80577860,Q145,RESIDES_IN,Location
Q26464586,Q145,RESIDES_IN,Location
Q16989274,Q145,RESIDES_IN,Location
Q29507000,Q145,RESIDES_IN,Location
Q80584307,Q145,RESIDES_IN,Location
Q114572141,Q145,RESIDES_IN,Location
Q80578406,Q145,RESIDES_IN,Location
Q61720155,Q145,RESIDES_IN,Location
Q26369948,Q145,RESIDES_IN,Location
Q26573761,Q145,RESIDES_IN,Location
Q80578159,Q145,RESIDES_IN,Location
Q80859682,Q145,RESIDES_IN,Location
Q7017222,Q145,RESIDES_IN,Location
Q26544567,Q145,RESIDES_IN,Location
Q26543915,Q145,RESIDES_IN,Location
Q80582926,Q145,RESIDES_IN,Location
Q26408051,Q145,RESIDES_IN,Location
Q16960866,Q145,RESIDES_IN,Location
Q26480065,Q145,RESIDES_IN,Location
Q80857660,Q145,RESIDES_IN,Location
Q26435097,Q145,RESIDES_IN,Location
Q56246099,Q145,RESIDES_IN,Location
Q17851056,Q145,RESIDES_IN,Location
Q80583656,Q145,RESIDES_IN,Location
Q79461656,Q145,RESIDES_IN,Location
Q80582585,Q145,RESIDES_IN,Location
Q674773,Q145,RESIDES_IN,Location
Q88916791,Q145,RESIDES_IN,Location
Q80582125,Q145,RESIDES_IN,Location
Q1152847,Q145,RESIDES_IN,Location
Q79684691,Q145,RESIDES_IN,Location
Q99592367,Q145,RESIDES_IN,Location
Q27085020,Q145,RESIDES_IN,Location
Q99196869,Q145,RESIDES_IN,Location
Q7435526,Q145,RESIDES_IN,Location
Q80583442,Q145,RESIDES_IN,Location
Q70628354,Q145,RESIDES_IN,Location
Q80476848,Q145,RESIDES_IN,Location
Q26412361,Q145,RESIDES_IN,Location
Q26385337,Q145,RESIDES_IN,Location
Q80857160,Q145,RESIDES_IN,Location
Q26662988,Q145,RESIDES_IN,Location
Q7970646,Q145,RESIDES_IN,Location
Q3354444,Q145,RESIDES_IN,Location
Q26518008,Q145,RESIDES_IN,Location
Q6824933,Q145,RESIDES_IN,Location
Q7404787,Q145,RESIDES_IN,Location
Q7754813,Q145,RESIDES_IN,Location
Q26600764,Q145,RESIDES_IN,Location
Q6844182,Q145,RESIDES_IN,Location
Q80583500,Q145,RESIDES_IN,Location
Q7656101,Q145,RESIDES_IN,Location
Q80855993,Q145,RESIDES_IN,Location
Q26407250,Q145,RESIDES_IN,Location
Q3499725,Q145,RESIDES_IN,Location
Q1051613,Q145,RESIDES_IN,Location
Q80578181,Q145,RESIDES_IN,Location
Q1475656,Q145,RESIDES_IN,Location
Q99593074,Q145,RESIDES_IN,Location
Q80583991,Q145,RESIDES_IN,Location
Q26667219,Q145,RESIDES_IN,Location
Q26320518,Q145,RESIDES_IN,Location
Q80477335,Q145,RESIDES_IN,Location
Q99592971,Q145,RESIDES_IN,Location
Q26440783,Q145,RESIDES_IN,Location
Q80859796,Q145,RESIDES_IN,Location
Q21474154,Q145,RESIDES_IN,Location
Q99591893,Q145,RESIDES_IN,Location
Q99592443,Q145,RESIDES_IN,Location
Q27082408,Q145,RESIDES_IN,Location
Q27084619,Q145,RESIDES_IN,Location
Q79684678,Q145,RESIDES_IN,Location
Q26641570,Q145,RESIDES_IN,Location
Q80583051,Q145,RESIDES_IN,Location
Q26629847,Q145,RESIDES_IN,Location
Q80581995,Q145,RESIDES_IN,Location
Q7268713,Q145,RESIDES_IN,Location
Q80859253,Q145,RESIDES_IN,Location
Q88916052,Q145,RESIDES_IN,Location
Q26470097,Q145,RESIDES_IN,Location
Q99592854,Q145,RESIDES_IN,Location
Q26530821,Q145,RESIDES_IN,Location
Q80856655,Q145,RESIDES_IN,Location
Q26337703,Q145,RESIDES_IN,Location
Q26499082,Q145,RESIDES_IN,Location
Q83558966,Q145,RESIDES_IN,Location
Q80578295,Q145,RESIDES_IN,Location
Q80583435,Q145,RESIDES_IN,Location
Q80582241,Q145,RESIDES_IN,Location
Q5058832,Q145,RESIDES_IN,Location
Q80857402,Q145,RESIDES_IN,Location
Q17361868,Q145,RESIDES_IN,Location
Q26531364,Q145,RESIDES_IN,Location
Q26623931,Q145,RESIDES_IN,Location
Q50494642,Q145,RESIDES_IN,Location
Q88973862,Q145,RESIDES_IN,Location
Q30265289,Q145,RESIDES_IN,Location
Q6094914,Q145,RESIDES_IN,Location
Q80583492,Q145,RESIDES_IN,Location
Q127120,Q145,RESIDES_IN,Location
Q26306505,Q145,RESIDES_IN,Location
Q16960261,Q145,RESIDES_IN,Location
Q5329759,Q145,RESIDES_IN,Location
Q80476965,Q145,RESIDES_IN,Location
Q79684170,Q145,RESIDES_IN,Location
Q79244612,Q145,RESIDES_IN,Location
Q99592208,Q145,RESIDES_IN,Location
Q80856148,Q145,RESIDES_IN,Location
Q80583629,Q145,RESIDES_IN,Location
Q99592834,Q145,RESIDES_IN,Location
Q99592583,Q145,RESIDES_IN,Location
Q79461666,Q145,RESIDES_IN,Location
Q88967165,Q145,RESIDES_IN,Location
Q80856299,Q145,RESIDES_IN,Location
Q16266954,Q145,RESIDES_IN,Location
Q61923392,Q145,RESIDES_IN,Location
Q61924000,Q145,RESIDES_IN,Location
Q99593184,Q145,RESIDES_IN,Location
Q6907914,Q145,RESIDES_IN,Location
Q6268725,Q145,RESIDES_IN,Location
Q26547416,Q145,RESIDES_IN,Location
Q6773982,Q145,RESIDES_IN,Location
Q80583342,Q145,RESIDES_IN,Location
Q26487944,Q145,RESIDES_IN,Location
Q99593072,Q145,RESIDES_IN,Location
Q108197462,Q27,RESIDES_IN,Location
Q99592028,Q145,RESIDES_IN,Location
Q80583139,Q145,RESIDES_IN,Location
Q79683891,Q145,RESIDES_IN,Location
Q5466625,Q145,RESIDES_IN,Location
Q114567232,Q145,RESIDES_IN,Location
Q5179118,Q145,RESIDES_IN,Location
Q325156,Q29,RESIDES_IN,Location
Q70628266,Q145,RESIDES_IN,Location
Q7306850,Q145,RESIDES_IN,Location
Q26299845,Q145,RESIDES_IN,Location
Q21061842,Q145,RESIDES_IN,Location
Q80585419,Q145,RESIDES_IN,Location
Q83558670,Q145,RESIDES_IN,Location
Q26557510,Q145,RESIDES_IN,Location
Q16993309,Q145,RESIDES_IN,Location
Q88917036,Q145,RESIDES_IN,Location
Q26530964,Q145,RESIDES_IN,Location
Q26381444,Q145,RESIDES_IN,Location
Q26651778,Q145,RESIDES_IN,Location
Q99593453,Q145,RESIDES_IN,Location
Q26294093,Q145,RESIDES_IN,Location
Q26635821,Q145,RESIDES_IN,Location
Q79461658,Q145,RESIDES_IN,Location
Q3778585,Q145,RESIDES_IN,Location
Q26487426,Q145,RESIDES_IN,Location
Q16939051,Q145,RESIDES_IN,Location
Q26392344,Q145,RESIDES_IN,Location
Q80855781,Q145,RESIDES_IN,Location
Q80581699,Q145,RESIDES_IN,Location
Q80859021,Q145,RESIDES_IN,Location
Q80858437,Q145,RESIDES_IN,Location
Q17744026,Q145,RESIDES_IN,Location
Q26631086,Q145,RESIDES_IN,Location
Q61862581,Q145,RESIDES_IN,Location
Q80859763,Q145,RESIDES_IN,Location
Q80858791,Q145,RESIDES_IN,Location
Q5323389,Q145,RESIDES_IN,Location
Q80581612,Q145,RESIDES_IN,Location
Q26310988,Q145,RESIDES_IN,Location
Q7244520,Q145,RESIDES_IN,Location
Q26546814,Q145,RESIDES_IN,Location
Q99592049,Q145,RESIDES_IN,Location
Q80585181,Q145,RESIDES_IN,Location
Q79684615,Q145,RESIDES_IN,Location
Q26311262,Q145,RESIDES_IN,Location
Q80585367,Q145,RESIDES_IN,Location
Q80578283,Q145,RESIDES_IN,Location
Q80857109,Q145,RESIDES_IN,Location
Q17985834,Q145,RESIDES_IN,Location
Q80857641,Q145,RESIDES_IN,Location
Q80855609,Q145,RESIDES_IN,Location
Q80856287,Q145,RESIDES_IN,Location
Q80583882,Q145,RESIDES_IN,Location
Q26550182,Q145,RESIDES_IN,Location
Q5545090,Q145,RESIDES_IN,Location
Q99593092,Q145,RESIDES_IN,Location
Q26480745,Q145,RESIDES_IN,Location
Q88915777,Q145,RESIDES_IN,Location
Q26673956,Q145,RESIDES_IN,Location
Q26613922,Q145,RESIDES_IN,Location
Q106323066,Q145,RESIDES_IN,Location
Q80858199,Q145,RESIDES_IN,Location
Q7832666,Q145,RESIDES_IN,Location
Q26673776,Q145,RESIDES_IN,Location
Q99593232,Q145,RESIDES_IN,Location
Q26490488,Q145,RESIDES_IN,Location
Q64577158,Q145,RESIDES_IN,Location
Q26410801,Q145,RESIDES_IN,Location
Q17805769,Q145,RESIDES_IN,Location
Q26625267,Q145,RESIDES_IN,Location
Q110928519,Q145,RESIDES_IN,Location
Q88916104,Q145,RESIDES_IN,Location
Q26590115,Q145,RESIDES_IN,Location
Q99592377,Q145,RESIDES_IN,Location
Q26300674,Q145,RESIDES_IN,Location
Q15979250,Q145,RESIDES_IN,Location
Q61865225,Q145,RESIDES_IN,Location
Q652203,Q145,RESIDES_IN,Location
Q79684056,Q145,RESIDES_IN,Location
Q99592950,Q145,RESIDES_IN,Location
Q26497552,Q145,RESIDES_IN,Location
Q79684700,Q145,RESIDES_IN,Location
Q26343891,Q145,RESIDES_IN,Location
Q80855070,Q145,RESIDES_IN,Location
Q80578324,Q145,RESIDES_IN,Location
Q80476488,Q145,RESIDES_IN,Location
Q80859227,Q145,RESIDES_IN,Location
Q88916402,Q145,RESIDES_IN,Location
Q99592966,Q145,RESIDES_IN,Location
Q88966234,Q145,RESIDES_IN,Location
Q26547873,Q145,RESIDES_IN,Location
Q5287230,Q145,RESIDES_IN,Location
Q61930740,Q145,RESIDES_IN,Location
Q1931458,Q145,RESIDES_IN,Location
Q8055678,Q145,RESIDES_IN,Location
Q16902799,Q145,RESIDES_IN,Location
Q26491195,Q145,RESIDES_IN,Location
Q80859363,Q145,RESIDES_IN,Location
Q18161034,Q145,RESIDES_IN,Location
Q79684008,Q145,RESIDES_IN,Location
Q26393035,Q145,RESIDES_IN,Location
Q15979280,Q145,RESIDES_IN,Location
Q88965899,Q145,RESIDES_IN,Location
Q17022713,Q145,RESIDES_IN,Location
Q61904740,Q145,RESIDES_IN,Location
Q2237796,Q145,RESIDES_IN,Location
Q4868925,Q145,RESIDES_IN,Location
Q57385878,Q145,RESIDES_IN,Location
Q26589996,Q145,RESIDES_IN,Location
Q15979561,Q145,RESIDES_IN,Location
Q80585014,Q145,RESIDES_IN,Location
Q80855861,Q145,RESIDES_IN,Location
Q80857941,Q145,RESIDES_IN,Location
Q5197771,Q145,RESIDES_IN,Location
Q26385913,Q145,RESIDES_IN,Location
Q3408814,Q145,RESIDES_IN,Location
Q88965893,Q145,RESIDES_IN,Location
Q26528639,Q145,RESIDES_IN,Location
Q26567760,Q145,RESIDES_IN,Location
Q26621411,Q145,RESIDES_IN,Location
Q12058464,Q145,RESIDES_IN,Location
Q83558706,Q145,RESIDES_IN,Location
Q80859447,Q145,RESIDES_IN,Location
Q29488334,Q145,RESIDES_IN,Location
Q6972536,Q145,RESIDES_IN,Location
Q80582847,Q145,RESIDES_IN,Location
Q80583899,Q145,RESIDES_IN,Location
Q115189646,Q145,RESIDES_IN,Location
Q29496623,Q145,RESIDES_IN,Location
Q17063744,Q145,RESIDES_IN,Location
Q1628518,Q145,RESIDES_IN,Location
Q80856942,Q145,RESIDES_IN,Location
Q7720719,Q145,RESIDES_IN,Location
Q80583964,Q145,RESIDES_IN,Location
Q80585053,Q145,RESIDES_IN,Location
Q26610961,Q145,RESIDES_IN,Location
Q99592696,Q145,RESIDES_IN,Location
Q26514433,Q145,RESIDES_IN,Location
Q80476918,Q145,RESIDES_IN,Location
Q26660083,Q145,RESIDES_IN,Location
Q26474338,Q145,RESIDES_IN,Location
Q7728222,Q145,RESIDES_IN,Location
Q99593027,Q145,RESIDES_IN,Location
Q7933952,Q145,RESIDES_IN,Location
Q29502896,Q145,RESIDES_IN,Location
Q99591902,Q145,RESIDES_IN,Location
Q105102486,Q145,RESIDES_IN,Location
Q26484732,Q145,RESIDES_IN,Location
Q88916410,Q145,RESIDES_IN,Location
Q80856344,Q145,RESIDES_IN,Location
Q17066269,Q145,RESIDES_IN,Location
Q7880029,Q145,RESIDES_IN,Location
Q80585162,Q145,RESIDES_IN,Location
Q96382406,Q145,RESIDES_IN,Location
Q26651189,Q145,RESIDES_IN,Location
Q5235126,Q145,RESIDES_IN,Location
Q8037109,Q145,RESIDES_IN,Location
Q88915730,Q145,RESIDES_IN,Location
Q80477310,Q145,RESIDES_IN,Location
Q26589995,Q145,RESIDES_IN,Location
Q80857625,Q145,RESIDES_IN,Location
Q80583751,Q145,RESIDES_IN,Location
Q26297809,Q145,RESIDES_IN,Location
Q88917377,Q145,RESIDES_IN,Location
Q26501536,Q145,RESIDES_IN,Location
Q26450751,Q145,RESIDES_IN,Location
Q99592569,Q145,RESIDES_IN,Location
Q80581701,Q145,RESIDES_IN,Location
Q6516106,Q145,RESIDES_IN,Location
Q26301491,Q145,RESIDES_IN,Location
Q22906381,Q145,RESIDES_IN,Location
Q29487800,Q145,RESIDES_IN,Location
Q99611558,Q145,RESIDES_IN,Location
Q7842351,Q145,RESIDES_IN,Location
Q4688977,Q145,RESIDES_IN,Location
Q1358555,Q145,RESIDES_IN,Location
Q80859154,Q145,RESIDES_IN,Location
Q26630119,Q145,RESIDES_IN,Location
Q26660240,Q145,RESIDES_IN,Location
Q22907349,Q145,RESIDES_IN,Location
Q26398019,Q145,RESIDES_IN,Location
Q5604859,Q145,RESIDES_IN,Location
Q8074201,Q145,RESIDES_IN,Location
Q86503039,Q145,RESIDES_IN,Location
Q19277182,Q145,RESIDES_IN,Location
Q180419,Q30,RESIDES_IN,Location
Q113700332,Q145,RESIDES_IN,Location
Q80476693,Q145,RESIDES_IN,Location
Q79684680,Q145,RESIDES_IN,Location
Q7598824,Q145,RESIDES_IN,Location
Q16961392,Q145,RESIDES_IN,Location
Q55074950,Q145,RESIDES_IN,Location
Q61865221,Q145,RESIDES_IN,Location
Q80578027,Q145,RESIDES_IN,Location
Q80584733,Q145,RESIDES_IN,Location
Q5329729,Q145,RESIDES_IN,Location
Q7854865,Q145,RESIDES_IN,Location
Q26483776,Q145,RESIDES_IN,Location
Q80856278,Q145,RESIDES_IN,Location
Q8002536,Q145,RESIDES_IN,Location
Q5646566,Q145,RESIDES_IN,Location
Q19604403,Q145,RESIDES_IN,Location
Q99938913,Q145,RESIDES_IN,Location
Q80856388,Q145,RESIDES_IN,Location
Q80584396,Q145,RESIDES_IN,Location
Q26654012,Q145,RESIDES_IN,Location
Q20878182,Q145,RESIDES_IN,Location
Q26292365,Q145,RESIDES_IN,Location
Q30504052,Q145,RESIDES_IN,Location
Q13529038,Q145,RESIDES_IN,Location
Q80857494,Q145,RESIDES_IN,Location
Q26445246,Q145,RESIDES_IN,Location
Q80581580,Q145,RESIDES_IN,Location
Q99592587,Q145,RESIDES_IN,Location
Q61865214,Q145,RESIDES_IN,Location
Q80476207,Q145,RESIDES_IN,Location
Q80583735,Q145,RESIDES_IN,Location
Q106379114,Q145,RESIDES_IN,Location
Q85806665,Q145,RESIDES_IN,Location
Q80583213,Q145,RESIDES_IN,Location
Q99593005,Q145,RESIDES_IN,Location
Q17549015,Q145,RESIDES_IN,Location
Q26456395,Q145,RESIDES_IN,Location
Q80582532,Q145,RESIDES_IN,Location
Q80577946,Q145,RESIDES_IN,Location
Q1964077,Q145,RESIDES_IN,Location
Q26529863,Q145,RESIDES_IN,Location
Q80584440,Q145,RESIDES_IN,Location
Q80582594,Q145,RESIDES_IN,Location
Q26515257,Q145,RESIDES_IN,Location
Q29487461,Q145,RESIDES_IN,Location
Q5656550,Q145,RESIDES_IN,Location
Q80476982,Q145,RESIDES_IN,Location
Q26597016,Q145,RESIDES_IN,Location
Q111818879,Q145,RESIDES_IN,Location
Q8050761,Q145,RESIDES_IN,Location
Q99591766,Q145,RESIDES_IN,Location
Q80858677,Q145,RESIDES_IN,Location
Q25112482,Q145,RESIDES_IN,Location
Q88973860,Q145,RESIDES_IN,Location
Q26314979,Q145,RESIDES_IN,Location
Q80585288,Q145,RESIDES_IN,Location
Q26275499,Q145,RESIDES_IN,Location
Q99592359,Q145,RESIDES_IN,Location
Q26606002,Q145,RESIDES_IN,Location
Q26523974,Q145,RESIDES_IN,Location
Q5184550,Q145,RESIDES_IN,Location
Q29485499,Q145,RESIDES_IN,Location
Q26461938,Q145,RESIDES_IN,Location
Q99593234,Q145,RESIDES_IN,Location
Q29484416,Q145,RESIDES_IN,Location
Q29499930,Q145,RESIDES_IN,Location
Q26631489,Q145,RESIDES_IN,Location
Q17532254,Q145,RESIDES_IN,Location
Q26412772,Q145,RESIDES_IN,Location
Q99592484,Q145,RESIDES_IN,Location
Q26408363,Q145,RESIDES_IN,Location
Q89565458,Q145,RESIDES_IN,Location
Q546004,Q30,RESIDES_IN,Location
Q97621445,Q145,RESIDES_IN,Location
Q80856727,Q145,RESIDES_IN,Location
Q26578699,Q145,RESIDES_IN,Location
Q26480609,Q145,RESIDES_IN,Location
Q26634043,Q145,RESIDES_IN,Location
Q99593043,Q145,RESIDES_IN,Location
Q99591857,Q145,RESIDES_IN,Location
Q70019797,Q145,RESIDES_IN,Location
Q26512681,Q145,RESIDES_IN,Location
Q5177551,Q145,RESIDES_IN,Location
Q26658898,Q145,RESIDES_IN,Location
Q26580181,Q145,RESIDES_IN,Location
Q80583946,Q145,RESIDES_IN,Location
Q26405471,Q145,RESIDES_IN,Location
Q80856153,Q145,RESIDES_IN,Location
Q17533926,Q145,RESIDES_IN,Location
Q26667163,Q145,RESIDES_IN,Location
Q29501131,Q145,RESIDES_IN,Location
Q88915796,Q145,RESIDES_IN,Location
Q7370488,Q145,RESIDES_IN,Location
Q26593798,Q145,RESIDES_IN,Location
Q61865229,Q145,RESIDES_IN,Location
Q80581451,Q145,RESIDES_IN,Location
Q4819798,Q145,RESIDES_IN,Location
Q99592958,Q145,RESIDES_IN,Location
Q5676915,Q145,RESIDES_IN,Location
Q105504972,Q145,RESIDES_IN,Location
Q26371295,Q145,RESIDES_IN,Location
Q7987043,Q145,RESIDES_IN,Location
Q16851015,Q145,RESIDES_IN,Location
Q29493404,Q145,RESIDES_IN,Location
Q29498466,Q145,RESIDES_IN,Location
Q80857639,Q145,RESIDES_IN,Location
Q26577160,Q145,RESIDES_IN,Location
Q7096543,Q145,RESIDES_IN,Location
Q26485456,Q145,RESIDES_IN,Location
Q26333106,Q145,RESIDES_IN,Location
Q80578070,Q145,RESIDES_IN,Location
Q6502903,Q30,RESIDES_IN,Location
Q16969403,Q145,RESIDES_IN,Location
Q8040250,Q145,RESIDES_IN,Location
Q26497979,Q145,RESIDES_IN,Location
Q14175176,Q145,RESIDES_IN,Location
Q80582436,Q145,RESIDES_IN,Location
Q4890299,Q145,RESIDES_IN,Location
Q99592039,Q145,RESIDES_IN,Location
Q26604291,Q145,RESIDES_IN,Location
Q18161227,Q145,RESIDES_IN,Location
Q114467462,Q145,RESIDES_IN,Location
Q15070334,Q145,RESIDES_IN,Location
Q99592949,Q145,RESIDES_IN,Location
Q80584161,Q145,RESIDES_IN,Location
Q99592351,Q145,RESIDES_IN,Location
Q99550476,Q145,RESIDES_IN,Location
Q26397151,Q145,RESIDES_IN,Location
Q55098947,Q145,RESIDES_IN,Location
Q80856817,Q145,RESIDES_IN,Location
Q29499997,Q145,RESIDES_IN,Location
Q26301810,Q145,RESIDES_IN,Location
Q1783168,Q145,RESIDES_IN,Location
Q80581572,Q145,RESIDES_IN,Location
Q24908166,Q145,RESIDES_IN,Location
Q88916763,Q145,RESIDES_IN,Location
Q26308768,Q145,RESIDES_IN,Location
Q5501078,Q145,RESIDES_IN,Location
Q80583811,Q145,RESIDES_IN,Location
Q26434993,Q145,RESIDES_IN,Location
Q114357899,Q145,RESIDES_IN,Location
Q26325590,Q145,RESIDES_IN,Location
Q99592483,Q145,RESIDES_IN,Location
Q274,Q145,RESIDES_IN,Location
Q26397640,Q145,RESIDES_IN,Location
Q80857247,Q145,RESIDES_IN,Location
Q26484583,Q145,RESIDES_IN,Location
Q80858216,Q145,RESIDES_IN,Location
Q15273530,Q145,RESIDES_IN,Location
Q4752272,Q145,RESIDES_IN,Location
Q80582754,Q145,RESIDES_IN,Location
Q41015695,Q145,RESIDES_IN,Location
Q26654323,Q145,RESIDES_IN,Location
Q838544,Q145,RESIDES_IN,Location
Q79683849,Q145,RESIDES_IN,Location
Q26444046,Q145,RESIDES_IN,Location
Q80578085,Q145,RESIDES_IN,Location
Q79683880,Q145,RESIDES_IN,Location
Q80582530,Q145,RESIDES_IN,Location
Q17062715,Q145,RESIDES_IN,Location
Q99593041,Q145,RESIDES_IN,Location
Q88917071,Q145,RESIDES_IN,Location
Q26581976,Q145,RESIDES_IN,Location
Q29488608,Q145,RESIDES_IN,Location
Q88917679,Q145,RESIDES_IN,Location
Q29482475,Q145,RESIDES_IN,Location
Q99592176,Q145,RESIDES_IN,Location
Q80585425,Q145,RESIDES_IN,Location
Q26458734,Q145,RESIDES_IN,Location
Q26404257,Q145,RESIDES_IN,Location
Q26352263,Q145,RESIDES_IN,Location
Q80476805,Q145,RESIDES_IN,Location
Q80582141,Q145,RESIDES_IN,Location
Q83558839,Q145,RESIDES_IN,Location
Q16989244,Q183,RESIDES_IN,Location
Q61923986,Q145,RESIDES_IN,Location
Q113471802,Q27,RESIDES_IN,Location
Q26502177,Q145,RESIDES_IN,Location
Q80581664,Q145,RESIDES_IN,Location
Q100553182,Q145,RESIDES_IN,Location
Q7141983,Q145,RESIDES_IN,Location
Q26497153,Q145,RESIDES_IN,Location
Q112299075,Q145,RESIDES_IN,Location
Q26581604,Q145,RESIDES_IN,Location
Q88917735,Q145,RESIDES_IN,Location
Q43851666,Q145,RESIDES_IN,Location
Q88916702,Q145,RESIDES_IN,Location
Q80855336,Q145,RESIDES_IN,Location
Q80585407,Q145,RESIDES_IN,Location
Q80858755,Q145,RESIDES_IN,Location
Q7639452,Q145,RESIDES_IN,Location
Q4784962,Q145,RESIDES_IN,Location
Q80582998,Q145,RESIDES_IN,Location
Q2296078,Q145,RESIDES_IN,Location
Q80858050,Q145,RESIDES_IN,Location
Q7231835,Q145,RESIDES_IN,Location
Q17555669,Q145,RESIDES_IN,Location
Q26619735,Q145,RESIDES_IN,Location
Q7754934,Q145,RESIDES_IN,Location
Q80855999,Q145,RESIDES_IN,Location
Q80584838,Q145,RESIDES_IN,Location
Q52179170,Q145,RESIDES_IN,Location
Q26295687,Q145,RESIDES_IN,Location
Q98118486,Q145,RESIDES_IN,Location
Q108485794,Q145,RESIDES_IN,Location
Q17556949,Q145,RESIDES_IN,Location
Q80581712,Q145,RESIDES_IN,Location
Q1738151,Q145,RESIDES_IN,Location
Q26490121,Q145,RESIDES_IN,Location
Q29500253,Q145,RESIDES_IN,Location
Q26354920,Q145,RESIDES_IN,Location
Q61866061,Q145,RESIDES_IN,Location
Q26547489,Q145,RESIDES_IN,Location
Q26650037,Q145,RESIDES_IN,Location
Q24022978,Q145,RESIDES_IN,Location
Q26416752,Q145,RESIDES_IN,Location
Q99592885,Q145,RESIDES_IN,Location
Q83559016,Q145,RESIDES_IN,Location
Q26587002,Q145,RESIDES_IN,Location
Q80581404,Q145,RESIDES_IN,Location
Q88916055,Q145,RESIDES_IN,Location
Q26515795,Q145,RESIDES_IN,Location
Q26439699,Q145,RESIDES_IN,Location
Q26431153,Q145,RESIDES_IN,Location
Q5446786,Q145,RESIDES_IN,Location
Q26658359,Q145,RESIDES_IN,Location
Q99593197,Q145,RESIDES_IN,Location
Q30688985,Q145,RESIDES_IN,Location
Q26619629,Q145,RESIDES_IN,Location
Q79684428,Q145,RESIDES_IN,Location
Q99593270,Q145,RESIDES_IN,Location
Q26651376,Q145,RESIDES_IN,Location
Q80857291,Q145,RESIDES_IN,Location
Q79684177,Q145,RESIDES_IN,Location
Q5588477,Q145,RESIDES_IN,Location
Q26626204,Q145,RESIDES_IN,Location
Q29503101,Q145,RESIDES_IN,Location
Q1335379,Q145,RESIDES_IN,Location
Q88917698,Q145,RESIDES_IN,Location
Q61865324,Q145,RESIDES_IN,Location
Q1105202,Q145,RESIDES_IN,Location
Q88916450,Q145,RESIDES_IN,Location
Q756420,Q145,RESIDES_IN,Location
Q7059853,Q145,RESIDES_IN,Location
Q5764648,Q145,RESIDES_IN,Location
Q16990955,Q145,RESIDES_IN,Location
Q26491883,Q145,RESIDES_IN,Location
Q80585027,Q145,RESIDES_IN,Location
Q26368343,Q145,RESIDES_IN,Location
Q29488861,Q145,RESIDES_IN,Location
Q80583521,Q145,RESIDES_IN,Location
Q80583520,Q145,RESIDES_IN,Location
Q27084319,Q145,RESIDES_IN,Location
Q26286585,Q145,RESIDES_IN,Location
Q80584406,Q145,RESIDES_IN,Location
Q80859242,Q145,RESIDES_IN,Location
Q80856773,Q145,RESIDES_IN,Location
Q88965909,Q145,RESIDES_IN,Location
Q60673950,Q145,RESIDES_IN,Location
Q861799,Q145,RESIDES_IN,Location
Q7761706,Q145,RESIDES_IN,Location
Q5602560,Q145,RESIDES_IN,Location
Q61875610,Q145,RESIDES_IN,Location
Q26502257,Q145,RESIDES_IN,Location
Q50132485,Q145,RESIDES_IN,Location
Q26276048,Q145,RESIDES_IN,Location
Q80476621,Q145,RESIDES_IN,Location
Q164641,Q145,RESIDES_IN,Location
Q26447426,Q145,RESIDES_IN,Location
Q116232,Q145,RESIDES_IN,Location
Q26473240,Q145,RESIDES_IN,Location
Q80859012,Q145,RESIDES_IN,Location
Q79684718,Q145,RESIDES_IN,Location
Q26491396,Q145,RESIDES_IN,Location
Q88917392,Q145,RESIDES_IN,Location
Q80857319,Q145,RESIDES_IN,Location
Q69773580,Q145,RESIDES_IN,Location
Q20714224,Q145,RESIDES_IN,Location
Q15979540,Q145,RESIDES_IN,Location
Q80856714,Q145,RESIDES_IN,Location
Q88917092,Q145,RESIDES_IN,Location
Q3012558,Q155,RESIDES_IN,Location
Q26519300,Q145,RESIDES_IN,Location
Q26411894,Q145,RESIDES_IN,Location
Q26597592,Q145,RESIDES_IN,Location
Q958101,Q145,RESIDES_IN,Location
Q99593057,Q145,RESIDES_IN,Location
Q26652640,Q145,RESIDES_IN,Location
Q6123139,Q145,RESIDES_IN,Location
Q88973939,Q145,RESIDES_IN,Location
Q39053843,Q145,RESIDES_IN,Location
Q26656289,Q145,RESIDES_IN,Location
Q80578072,Q145,RESIDES_IN,Location
Q79683917,Q145,RESIDES_IN,Location
Q26652808,Q145,RESIDES_IN,Location
Q109602629,Q145,RESIDES_IN,Location
Q26633683,Q145,RESIDES_IN,Location
Q79684193,Q145,RESIDES_IN,Location
Q21061885,Q145,RESIDES_IN,Location
Q88973876,Q145,RESIDES_IN,Location
Q26574603,Q145,RESIDES_IN,Location
Q7694520,Q145,RESIDES_IN,Location
Q26589553,Q145,RESIDES_IN,Location
Q99593196,Q145,RESIDES_IN,Location
Q88917081,Q145,RESIDES_IN,Location
Q26462727,Q145,RESIDES_IN,Location
Q80858622,Q145,RESIDES_IN,Location
Q26627919,Q145,RESIDES_IN,Location
Q80859147,Q145,RESIDES_IN,Location
Q80585297,Q145,RESIDES_IN,Location
Q26464320,Q145,RESIDES_IN,Location
Q61890527,Q145,RESIDES_IN,Location
Q26400507,Q145,RESIDES_IN,Location
Q26557948,Q145,RESIDES_IN,Location
Q26505101,Q145,RESIDES_IN,Location
Q26415301,Q145,RESIDES_IN,Location
Q80585120,Q145,RESIDES_IN,Location
Q26534198,Q145,RESIDES_IN,Location
Q80857120,Q145,RESIDES_IN,Location
Q99591882,Q145,RESIDES_IN,Location
Q79683781,Q145,RESIDES_IN,Location
Q80582699,Q145,RESIDES_IN,Location
Q4965926,Q145,RESIDES_IN,Location
Q26512321,Q145,RESIDES_IN,Location
Q80856012,Q145,RESIDES_IN,Location
Q26429697,Q145,RESIDES_IN,Location
Q7500016,Q145,RESIDES_IN,Location
Q79684734,Q145,RESIDES_IN,Location
Q80858880,Q145,RESIDES_IN,Location
Q80856067,Q145,RESIDES_IN,Location
Q26391147,Q145,RESIDES_IN,Location
Q26536096,Q145,RESIDES_IN,Location
Q80857551,Q145,RESIDES_IN,Location
Q70628511,Q145,RESIDES_IN,Location
Q26469866,Q145,RESIDES_IN,Location
Q26519051,Q145,RESIDES_IN,Location
Q7796317,Q145,RESIDES_IN,Location
Q18160221,Q145,RESIDES_IN,Location
Q26506166,Q145,RESIDES_IN,Location
Q29482008,Q145,RESIDES_IN,Location
Q17553529,Q145,RESIDES_IN,Location
Q2033167,Q145,RESIDES_IN,Location
Q17546876,Q145,RESIDES_IN,Location
Q99591907,Q145,RESIDES_IN,Location
Q79461637,Q145,RESIDES_IN,Location
Q80476658,Q145,RESIDES_IN,Location
Q26559837,Q145,RESIDES_IN,Location
Q28402465,Q145,RESIDES_IN,Location
Q80583515,Q145,RESIDES_IN,Location
Q16974263,Q145,RESIDES_IN,Location
Q80855355,Q145,RESIDES_IN,Location
Q4892263,Q145,RESIDES_IN,Location
Q80577810,Q145,RESIDES_IN,Location
Q157118,Q30,RESIDES_IN,Location
Q26634877,Q145,RESIDES_IN,Location
Q17815543,Q145,RESIDES_IN,Location
Q26490741,Q145,RESIDES_IN,Location
Q26430417,Q145,RESIDES_IN,Location
Q7775450,Q145,RESIDES_IN,Location
Q80581776,Q145,RESIDES_IN,Location
Q7313038,Q145,RESIDES_IN,Location
Q26467859,Q145,RESIDES_IN,Location
Q85744869,Q145,RESIDES_IN,Location
Q15991728,Q145,RESIDES_IN,Location
Q80855976,Q145,RESIDES_IN,Location
Q1023871,Q145,RESIDES_IN,Location
Q57082807,Q145,RESIDES_IN,Location
Q99592222,Q145,RESIDES_IN,Location
Q41786020,Q145,RESIDES_IN,Location
Q29481580,Q145,RESIDES_IN,Location
Q1664118,Q145,RESIDES_IN,Location
Q88917359,Q145,RESIDES_IN,Location
Q61866034,Q145,RESIDES_IN,Location
Q80584105,Q145,RESIDES_IN,Location
Q20711874,Q145,RESIDES_IN,Location
Q79684227,Q145,RESIDES_IN,Location
Q80859022,Q145,RESIDES_IN,Location
Q26304725,Q145,RESIDES_IN,Location
Q59536911,Q145,RESIDES_IN,Location
Q26567818,Q145,RESIDES_IN,Location
Q46996006,Q145,RESIDES_IN,Location
Q26574617,Q145,RESIDES_IN,Location
Q26304170,Q145,RESIDES_IN,Location
Q26673224,Q145,RESIDES_IN,Location
Q80582178,Q145,RESIDES_IN,Location
Q13512339,Q145,RESIDES_IN,Location
Q52155743,Q145,RESIDES_IN,Location
Q61904745,Q145,RESIDES_IN,Location
Q80584038,Q145,RESIDES_IN,Location
Q88916381,Q145,RESIDES_IN,Location
Q73162732,Q145,RESIDES_IN,Location
Q2685641,Q145,RESIDES_IN,Location
Q16954842,Q145,RESIDES_IN,Location
Q26498326,Q145,RESIDES_IN,Location
Q88917004,Q145,RESIDES_IN,Location
Q80582893,Q145,RESIDES_IN,Location
Q26590620,Q145,RESIDES_IN,Location
Q80476225,Q145,RESIDES_IN,Location
Q80855051,Q145,RESIDES_IN,Location
Q80476208,Q145,RESIDES_IN,Location
Q26441832,Q145,RESIDES_IN,Location
Q7568898,Q145,RESIDES_IN,Location
Q80855853,Q145,RESIDES_IN,Location
Q26631626,Q145,RESIDES_IN,Location
Q5113390,Q145,RESIDES_IN,Location
Q4914712,Q145,RESIDES_IN,Location
Q26630874,Q145,RESIDES_IN,Location
Q7490280,Q145,RESIDES_IN,Location
Q7622046,Q145,RESIDES_IN,Location
Q81047931,Q145,RESIDES_IN,Location
Q29506662,Q145,RESIDES_IN,Location
Q3307433,Q145,RESIDES_IN,Location
Q6420723,Q29,RESIDES_IN,Location
Q80858666,Q145,RESIDES_IN,Location
Q26436038,Q145,RESIDES_IN,Location
Q7884777,Q145,RESIDES_IN,Location
Q26555077,Q145,RESIDES_IN,Location
Q26467462,Q145,RESIDES_IN,Location
Q80582358,Q145,RESIDES_IN,Location
Q26312705,Q145,RESIDES_IN,Location
Q26664403,Q145,RESIDES_IN,Location
Q26481044,Q145,RESIDES_IN,Location
Q7058871,Q145,RESIDES_IN,Location
Q80582439,Q145,RESIDES_IN,Location
Q97924944,Q145,RESIDES_IN,Location
Q80577879,Q145,RESIDES_IN,Location
Q7755783,Q145,RESIDES_IN,Location
Q26468599,Q145,RESIDES_IN,Location
Q7520987,Q145,RESIDES_IN,Location
Q99592937,Q145,RESIDES_IN,Location
Q99592381,Q145,RESIDES_IN,Location
Q26560764,Q145,RESIDES_IN,Location
Q26503804,Q145,RESIDES_IN,Location
Q80856059,Q145,RESIDES_IN,Location
Q80581921,Q145,RESIDES_IN,Location
Q79684267,Q145,RESIDES_IN,Location
Q26630155,Q145,RESIDES_IN,Location
Q27087042,Q145,RESIDES_IN,Location
Q80583791,Q145,RESIDES_IN,Location
Q26395021,Q145,RESIDES_IN,Location
Q80855075,Q145,RESIDES_IN,Location
Q1130409,Q145,RESIDES_IN,Location
Q80578251,Q145,RESIDES_IN,Location
Q80856423,Q145,RESIDES_IN,Location
Q80856380,Q145,RESIDES_IN,Location
Q26585950,Q145,RESIDES_IN,Location
Q7272809,Q145,RESIDES_IN,Location
Q26408821,Q145,RESIDES_IN,Location
Q80585281,Q145,RESIDES_IN,Location
Q26368127,Q145,RESIDES_IN,Location
Q108300216,Q145,RESIDES_IN,Location
Q26483119,Q145,RESIDES_IN,Location
Q7843510,Q145,RESIDES_IN,Location
Q26604900,Q145,RESIDES_IN,Location
Q7302098,Q145,RESIDES_IN,Location
Q3786934,Q145,RESIDES_IN,Location
Q80858032,Q145,RESIDES_IN,Location
Q7711811,Q145,RESIDES_IN,Location
Q80856626,Q145,RESIDES_IN,Location
Q83559711,Q145,RESIDES_IN,Location
Q99592486,Q145,RESIDES_IN,Location
Q26538220,Q145,RESIDES_IN,Location
Q80857379,Q145,RESIDES_IN,Location
Q26468800,Q145,RESIDES_IN,Location
Q80583242,Q145,RESIDES_IN,Location
Q26630424,Q145,RESIDES_IN,Location
Q80855485,Q145,RESIDES_IN,Location
Q80582453,Q145,RESIDES_IN,Location
Q865037,Q145,RESIDES_IN,Location
Q17361880,Q145,RESIDES_IN,Location
Q80859557,Q145,RESIDES_IN,Location
Q80583262,Q145,RESIDES_IN,Location
Q88917362,Q145,RESIDES_IN,Location
Q28401980,Q145,RESIDES_IN,Location
Q67013382,Q145,RESIDES_IN,Location
Q80582077,Q145,RESIDES_IN,Location
Q16967369,Q145,RESIDES_IN,Location
Q18712346,Q145,RESIDES_IN,Location
Q26541574,Q145,RESIDES_IN,Location
Q18393967,Q145,RESIDES_IN,Location
Q98214265,Q145,RESIDES_IN,Location
Q7988381,Q145,RESIDES_IN,Location
Q99592337,Q145,RESIDES_IN,Location
Q26384873,Q145,RESIDES_IN,Location
Q26493882,Q145,RESIDES_IN,Location
Q336197,Q145,RESIDES_IN,Location
Q16989990,Q145,RESIDES_IN,Location
Q18648895,Q145,RESIDES_IN,Location
Q62572199,Q145,RESIDES_IN,Location
Q27085228,Q145,RESIDES_IN,Location
Q81047867,Q145,RESIDES_IN,Location
Q26459000,Q145,RESIDES_IN,Location
Q80856948,Q145,RESIDES_IN,Location
Q61862571,Q145,RESIDES_IN,Location
Q7866331,Q145,RESIDES_IN,Location
Q79684225,Q145,RESIDES_IN,Location
Q79461606,Q145,RESIDES_IN,Location
Q105161596,Q145,RESIDES_IN,Location
Q26642164,Q145,RESIDES_IN,Location
Q80476785,Q145,RESIDES_IN,Location
Q110437963,Q145,RESIDES_IN,Location
Q80857016,Q145,RESIDES_IN,Location
Q16838702,Q145,RESIDES_IN,Location
Q26458821,Q145,RESIDES_IN,Location
Q26386513,Q145,RESIDES_IN,Location
Q1771680,Q145,RESIDES_IN,Location
Q5333901,Q145,RESIDES_IN,Location
Q88973920,Q145,RESIDES_IN,Location
Q108915665,Q145,RESIDES_IN,Location
Q26370071,Q145,RESIDES_IN,Location
Q13529145,Q145,RESIDES_IN,Location
Q80857086,Q145,RESIDES_IN,Location
Q16975898,Q145,RESIDES_IN,Location
Q80476894,Q145,RESIDES_IN,Location
Q16834657,Q145,RESIDES_IN,Location
Q80858000,Q145,RESIDES_IN,Location
Q26408472,Q145,RESIDES_IN,Location
Q80582696,Q145,RESIDES_IN,Location
Q80584934,Q145,RESIDES_IN,Location
Q16999069,Q145,RESIDES_IN,Location
Q15733006,Q145,RESIDES_IN,Location
Q80477215,Q145,RESIDES_IN,Location
Q88915743,Q145,RESIDES_IN,Location
Q26473447,Q145,RESIDES_IN,Location
Q80578346,Q145,RESIDES_IN,Location
Q80585440,Q145,RESIDES_IN,Location
Q26517474,Q145,RESIDES_IN,Location
Q7762050,Q145,RESIDES_IN,Location
Q61875611,Q145,RESIDES_IN,Location
Q26350635,Q145,RESIDES_IN,Location
Q45844955,Q145,RESIDES_IN,Location
Q26396171,Q145,RESIDES_IN,Location
Q29491405,Q145,RESIDES_IN,Location
Q99593185,Q145,RESIDES_IN,Location
Q99593152,Q145,RESIDES_IN,Location
Q88917731,Q145,RESIDES_IN,Location
Q16988127,Q145,RESIDES_IN,Location
Q26309079,Q145,RESIDES_IN,Location
Q80856528,Q145,RESIDES_IN,Location
Q5533836,Q145,RESIDES_IN,Location
Q26407120,Q145,RESIDES_IN,Location
Q4702212,Q145,RESIDES_IN,Location
Q100934149,Q145,RESIDES_IN,Location
Q79683826,Q145,RESIDES_IN,Location
Q80585063,Q145,RESIDES_IN,Location
Q80585067,Q145,RESIDES_IN,Location
Q26432238,Q145,RESIDES_IN,Location
Q26386868,Q145,RESIDES_IN,Location
Q79684244,Q145,RESIDES_IN,Location
Q80577789,Q145,RESIDES_IN,Location
Q80858599,Q145,RESIDES_IN,Location
Q5189025,Q145,RESIDES_IN,Location
Q26581569,Q145,RESIDES_IN,Location
Q56037094,Q145,RESIDES_IN,Location
Q26639225,Q145,RESIDES_IN,Location
Q79684136,Q145,RESIDES_IN,Location
Q1181484,Q145,RESIDES_IN,Location
Q1089750,Q145,RESIDES_IN,Location
Q1330417,Q145,RESIDES_IN,Location
Q111630211,Q145,RESIDES_IN,Location
Q7725384,Q145,RESIDES_IN,Location
Q5582545,Q145,RESIDES_IN,Location
Q17500669,Q145,RESIDES_IN,Location
Q27080346,Q145,RESIDES_IN,Location
Q29503561,Q145,RESIDES_IN,Location
Q21008705,Q145,RESIDES_IN,Location
Q99592863,Q145,RESIDES_IN,Location
Q70628489,Q145,RESIDES_IN,Location
Q17534102,Q145,RESIDES_IN,Location
Q26384450,Q145,RESIDES_IN,Location
Q63608863,Q145,RESIDES_IN,Location
Q99429702,Q145,RESIDES_IN,Location
Q80584637,Q145,RESIDES_IN,Location
Q80584249,Q145,RESIDES_IN,Location
Q79466078,Q145,RESIDES_IN,Location
Q80584818,Q145,RESIDES_IN,Location
Q26528966,Q145,RESIDES_IN,Location
Q80859198,Q145,RESIDES_IN,Location
Q99591876,Q145,RESIDES_IN,Location
Q80578417,Q145,RESIDES_IN,Location
Q26293807,Q145,RESIDES_IN,Location
Q21996544,Q145,RESIDES_IN,Location
Q880551,Q145,RESIDES_IN,Location
Q79684568,Q145,RESIDES_IN,Location
Q26372825,Q145,RESIDES_IN,Location
Q80855264,Q145,RESIDES_IN,Location
Q108565133,Q145,RESIDES_IN,Location
Q79684570,Q145,RESIDES_IN,Location
Q79461563,Q145,RESIDES_IN,Location
Q26592353,Q145,RESIDES_IN,Location
Q7739691,Q145,RESIDES_IN,Location
Q26472357,Q145,RESIDES_IN,Location
Q26672890,Q145,RESIDES_IN,Location
Q26630914,Q145,RESIDES_IN,Location
Q30338430,Q145,RESIDES_IN,Location
Q17554255,Q145,RESIDES_IN,Location
Q80581454,Q145,RESIDES_IN,Location
Q804364,Q145,RESIDES_IN,Location
Q26435944,Q145,RESIDES_IN,Location
Q7735253,Q145,RESIDES_IN,Location
Q99591711,Q145,RESIDES_IN,Location
Q26318259,Q145,RESIDES_IN,Location
Q97676194,Q145,RESIDES_IN,Location
Q26639350,Q145,RESIDES_IN,Location
Q80857433,Q145,RESIDES_IN,Location
Q26304859,Q145,RESIDES_IN,Location
Q7552374,Q145,RESIDES_IN,Location
Q5446905,Q145,RESIDES_IN,Location
Q61903189,Q145,RESIDES_IN,Location
Q26576855,Q145,RESIDES_IN,Location
Q26468281,Q145,RESIDES_IN,Location
Q99592862,Q145,RESIDES_IN,Location
Q29492859,Q145,RESIDES_IN,Location
Q100297552,Q145,RESIDES_IN,Location
Q29483058,Q145,RESIDES_IN,Location
Q3704699,Q145,RESIDES_IN,Location
Q7235939,Q145,RESIDES_IN,Location
Q80858484,Q145,RESIDES_IN,Location
Q5258868,Q145,RESIDES_IN,Location
Q61875792,Q145,RESIDES_IN,Location
Q21008634,Q145,RESIDES_IN,Location
Q60749677,Q145,RESIDES_IN,Location
Q126543,Q145,RESIDES_IN,Location
Q80858175,Q145,RESIDES_IN,Location
Q26540511,Q145,RESIDES_IN,Location
Q13577460,Q145,RESIDES_IN,Location
Q29490504,Q145,RESIDES_IN,Location
Q81047901,Q145,RESIDES_IN,Location
Q80476866,Q145,RESIDES_IN,Location
Q26298348,Q145,RESIDES_IN,Location
Q99592735,Q145,RESIDES_IN,Location
Q80582464,Q145,RESIDES_IN,Location
Q26605863,Q145,RESIDES_IN,Location
Q26473709,Q145,RESIDES_IN,Location
Q1943651,Q145,RESIDES_IN,Location
Q80582888,Q145,RESIDES_IN,Location
Q80855231,Q145,RESIDES_IN,Location
Q80859046,Q145,RESIDES_IN,Location
Q26665842,Q145,RESIDES_IN,Location
Q80855483,Q145,RESIDES_IN,Location
Q21015709,Q145,RESIDES_IN,Location
Q88917077,Q145,RESIDES_IN,Location
Q7439115,Q145,RESIDES_IN,Location
Q26546047,Q145,RESIDES_IN,Location
Q29482899,Q145,RESIDES_IN,Location
Q39087594,Q145,RESIDES_IN,Location
Q79466064,Q145,RESIDES_IN,Location
Q25109789,Q145,RESIDES_IN,Location
Q56760280,Q145,RESIDES_IN,Location
Q80582371,Q145,RESIDES_IN,Location
Q80857763,Q145,RESIDES_IN,Location
Q80582198,Q145,RESIDES_IN,Location
Q5646336,Q145,RESIDES_IN,Location
Q1906017,Q145,RESIDES_IN,Location
Q79683749,Q145,RESIDES_IN,Location
Q80583963,Q145,RESIDES_IN,Location
Q99592345,Q145,RESIDES_IN,Location
Q92908105,Q145,RESIDES_IN,Location
Q1364862,Q145,RESIDES_IN,Location
Q81047874,Q145,RESIDES_IN,Location
Q80584392,Q145,RESIDES_IN,Location
Q80857406,Q145,RESIDES_IN,Location
Q26515777,Q145,RESIDES_IN,Location
Q80859095,Q145,RESIDES_IN,Location
Q80585465,Q145,RESIDES_IN,Location
Q26433852,Q145,RESIDES_IN,Location
Q114877821,Q145,RESIDES_IN,Location
Q26652950,Q145,RESIDES_IN,Location
Q26550731,Q145,RESIDES_IN,Location
Q26337496,Q145,RESIDES_IN,Location
Q80584895,Q145,RESIDES_IN,Location
Q61865223,Q145,RESIDES_IN,Location
Q1465200,Q145,RESIDES_IN,Location
Q65080674,Q145,RESIDES_IN,Location
Q26629771,Q145,RESIDES_IN,Location
Q99592053,Q145,RESIDES_IN,Location
Q99592690,Q145,RESIDES_IN,Location
Q80584401,Q145,RESIDES_IN,Location
Q56600307,Q145,RESIDES_IN,Location
Q88916364,Q145,RESIDES_IN,Location
Q6474112,Q145,RESIDES_IN,Location
Q80960651,Q145,RESIDES_IN,Location
Q16953878,Q145,RESIDES_IN,Location
Q3269443,Q145,RESIDES_IN,Location
Q15839366,Q145,RESIDES_IN,Location
Q79684205,Q145,RESIDES_IN,Location
Q80583709,Q145,RESIDES_IN,Location
Q26514189,Q145,RESIDES_IN,Location
Q17018940,Q145,RESIDES_IN,Location
Q108319640,Q145,RESIDES_IN,Location
Q99592382,Q145,RESIDES_IN,Location
Q99591028,Q145,RESIDES_IN,Location
Q2928594,Q145,RESIDES_IN,Location
Q26578583,Q145,RESIDES_IN,Location
Q80584636,Q145,RESIDES_IN,Location
Q26606354,Q145,RESIDES_IN,Location
Q80583844,Q145,RESIDES_IN,Location
Q80581852,Q145,RESIDES_IN,Location
Q80583083,Q145,RESIDES_IN,Location
Q3520318,Q145,RESIDES_IN,Location
Q26447405,Q145,RESIDES_IN,Location
Q79684165,Q145,RESIDES_IN,Location
Q99592697,Q145,RESIDES_IN,Location
Q4849219,Q145,RESIDES_IN,Location
Q7457469,Q145,RESIDES_IN,Location
Q88917729,Q145,RESIDES_IN,Location
Q17199186,Q145,RESIDES_IN,Location
Q4096602,Q145,RESIDES_IN,Location
Q29504088,Q145,RESIDES_IN,Location
Q99592736,Q145,RESIDES_IN,Location
Q57415937,Q145,RESIDES_IN,Location
Q26450939,Q145,RESIDES_IN,Location
Q80583730,Q145,RESIDES_IN,Location
Q55865629,Q145,RESIDES_IN,Location
Q80476334,Q145,RESIDES_IN,Location
Q1516684,Q145,RESIDES_IN,Location
Q80583819,Q145,RESIDES_IN,Location
Q18636348,Q145,RESIDES_IN,Location
Q26394639,Q145,RESIDES_IN,Location
Q26633506,Q145,RESIDES_IN,Location
Q26613528,Q145,RESIDES_IN,Location
Q1510450,Q145,RESIDES_IN,Location
Q99592324,Q145,RESIDES_IN,Location
Q3541981,Q145,RESIDES_IN,Location
Q26433413,Q145,RESIDES_IN,Location
Q26453916,Q145,RESIDES_IN,Location
Q81047919,Q145,RESIDES_IN,Location
Q29489542,Q145,RESIDES_IN,Location
Q80856690,Q145,RESIDES_IN,Location
Q80857612,Q145,RESIDES_IN,Location
Q24039440,Q145,RESIDES_IN,Location
Q99592477,Q145,RESIDES_IN,Location
Q79684341,Q145,RESIDES_IN,Location
Q29488333,Q145,RESIDES_IN,Location
Q6108019,Q145,RESIDES_IN,Location
Q26652438,Q145,RESIDES_IN,Location
Q62604390,Q145,RESIDES_IN,Location
Q80856447,Q145,RESIDES_IN,Location
Q1379710,Q145,RESIDES_IN,Location
Q26607237,Q145,RESIDES_IN,Location
Q80581587,Q145,RESIDES_IN,Location
Q61865212,Q145,RESIDES_IN,Location
Q26292123,Q145,RESIDES_IN,Location
Q80585261,Q145,RESIDES_IN,Location
Q29481604,Q145,RESIDES_IN,Location
Q61915876,Q145,RESIDES_IN,Location
Q26292186,Q145,RESIDES_IN,Location
Q26666134,Q145,RESIDES_IN,Location
Q99592873,Q145,RESIDES_IN,Location
Q26585804,Q145,RESIDES_IN,Location
Q1948306,Q145,RESIDES_IN,Location
Q7310624,Q145,RESIDES_IN,Location
Q5174993,Q145,RESIDES_IN,Location
Q6556889,Q145,RESIDES_IN,Location
Q5466542,Q145,RESIDES_IN,Location
Q3979803,Q145,RESIDES_IN,Location
Q80856829,Q145,RESIDES_IN,Location
Q26564800,Q145,RESIDES_IN,Location
Q7374401,Q145,RESIDES_IN,Location
Q26410093,Q145,RESIDES_IN,Location
Q26626218,Q145,RESIDES_IN,Location
Q26317423,Q145,RESIDES_IN,Location
Q99592943,Q145,RESIDES_IN,Location
Q1476377,Q145,RESIDES_IN,Location
Q5216508,Q145,RESIDES_IN,Location
Q104377097,Q145,RESIDES_IN,Location
Q26502774,Q145,RESIDES_IN,Location
Q7429966,Q145,RESIDES_IN,Location
Q1095857,Q145,RESIDES_IN,Location
Q99593204,Q145,RESIDES_IN,Location
Q7246300,Q145,RESIDES_IN,Location
Q14956770,Q145,RESIDES_IN,Location
Q794591,Q145,RESIDES_IN,Location
Q26315759,Q145,RESIDES_IN,Location
Q88967175,Q145,RESIDES_IN,Location
Q26455840,Q145,RESIDES_IN,Location
Q6911608,Q145,RESIDES_IN,Location
Q19848946,Q145,RESIDES_IN,Location
Q80582128,Q145,RESIDES_IN,Location
Q88916393,Q145,RESIDES_IN,Location
Q88917393,Q145,RESIDES_IN,Location
Q80581529,Q145,RESIDES_IN,Location
Q6751341,Q145,RESIDES_IN,Location
Q26491911,Q145,RESIDES_IN,Location
Q5960,Q145,RESIDES_IN,Location
Q99591704,Q145,RESIDES_IN,Location
Q26444106,Q145,RESIDES_IN,Location
Q1412478,Q145,RESIDES_IN,Location
Q27085204,Q145,RESIDES_IN,Location
Q99592453,Q145,RESIDES_IN,Location
Q61923559,Q145,RESIDES_IN,Location
Q80857772,Q145,RESIDES_IN,Location
Q80855426,Q145,RESIDES_IN,Location
Q26372883,Q145,RESIDES_IN,Location
Q99592156,Q145,RESIDES_IN,Location
Q21008630,Q145,RESIDES_IN,Location
Q99592594,Q145,RESIDES_IN,Location
Q26655881,Q145,RESIDES_IN,Location
Q18357698,Q145,RESIDES_IN,Location
Q88916737,Q145,RESIDES_IN,Location
Q26534900,Q145,RESIDES_IN,Location
Q80855038,Q145,RESIDES_IN,Location
Q80582160,Q145,RESIDES_IN,Location
Q20876097,Q145,RESIDES_IN,Location
Q80583643,Q145,RESIDES_IN,Location
Q26381924,Q145,RESIDES_IN,Location
Q26408542,Q145,RESIDES_IN,Location
Q26618043,Q145,RESIDES_IN,Location
Q17555932,Q145,RESIDES_IN,Location
Q99591852,Q145,RESIDES_IN,Location
Q80584171,Q145,RESIDES_IN,Location
Q17555436,Q145,RESIDES_IN,Location
Q61890526,Q145,RESIDES_IN,Location
Q843431,Q145,RESIDES_IN,Location
Q107861131,Q145,RESIDES_IN,Location
Q6859155,Q145,RESIDES_IN,Location
Q80857229,Q145,RESIDES_IN,Location
Q88917014,Q145,RESIDES_IN,Location
Q7969732,Q145,RESIDES_IN,Location
Q7618158,Q145,RESIDES_IN,Location
Q26558412,Q145,RESIDES_IN,Location
Q5588445,Q145,RESIDES_IN,Location
Q80859336,Q145,RESIDES_IN,Location
Q29481693,Q145,RESIDES_IN,Location
Q26390150,Q145,RESIDES_IN,Location
Q2811992,Q30,RESIDES_IN,Location
Q99593180,Q145,RESIDES_IN,Location
Q6824844,Q145,RESIDES_IN,Location
Q27080797,Q145,RESIDES_IN,Location
Q579524,Q145,RESIDES_IN,Location
Q79684478,Q145,RESIDES_IN,Location
Q57236208,Q145,RESIDES_IN,Location
Q26652167,Q145,RESIDES_IN,Location
Q100299126,Q145,RESIDES_IN,Location
Q100256336,Q145,RESIDES_IN,Location
Q88915789,Q145,RESIDES_IN,Location
Q7000937,Q145,RESIDES_IN,Location
Q15235377,Q145,RESIDES_IN,Location
Q7440226,Q145,RESIDES_IN,Location
Q80857822,Q145,RESIDES_IN,Location
Q16997846,Q145,RESIDES_IN,Location
Q80582131,Q145,RESIDES_IN,Location
Q80581665,Q145,RESIDES_IN,Location
Q79684370,Q145,RESIDES_IN,Location
Q80858996,Q145,RESIDES_IN,Location
Q80855258,Q145,RESIDES_IN,Location
Q99732313,Q145,RESIDES_IN,Location
Q804920,Q145,RESIDES_IN,Location
Q65079443,Q145,RESIDES_IN,Location
Q7764177,Q145,RESIDES_IN,Location
Q88915770,Q145,RESIDES_IN,Location
Q26546402,Q145,RESIDES_IN,Location
Q80859067,Q145,RESIDES_IN,Location
Q6824806,Q145,RESIDES_IN,Location
Q7248254,Q145,RESIDES_IN,Location
Q29587172,Q145,RESIDES_IN,Location
Q79461579,Q145,RESIDES_IN,Location
Q112116303,Q145,RESIDES_IN,Location
Q26531369,Q145,RESIDES_IN,Location
Q10458056,Q145,RESIDES_IN,Location
Q846735,Q145,RESIDES_IN,Location
Q80583763,Q145,RESIDES_IN,Location
Q79684219,Q145,RESIDES_IN,Location
Q104519117,Q145,RESIDES_IN,Location
Q5566951,Q145,RESIDES_IN,Location
Q1322045,Q145,RESIDES_IN,Location
Q88916789,Q145,RESIDES_IN,Location
Q26407583,Q145,RESIDES_IN,Location
Q80477144,Q145,RESIDES_IN,Location
Q80584577,Q145,RESIDES_IN,Location
Q80856491,Q145,RESIDES_IN,Location
Q26528134,Q145,RESIDES_IN,Location
Q15979550,Q145,RESIDES_IN,Location
Q26512863,Q145,RESIDES_IN,Location
Q26528264,Q145,RESIDES_IN,Location
Q210534,Q145,RESIDES_IN,Location
Q17553753,Q145,RESIDES_IN,Location
Q26393929,Q145,RESIDES_IN,Location
Q80583382,Q145,RESIDES_IN,Location
Q29494815,Q145,RESIDES_IN,Location
Q80583768,Q145,RESIDES_IN,Location
Q88916459,Q145,RESIDES_IN,Location
Q18161326,Q145,RESIDES_IN,Location
Q80859029,Q145,RESIDES_IN,Location
Q80584130,Q145,RESIDES_IN,Location
Q29504774,Q145,RESIDES_IN,Location
Q25171670,Q145,RESIDES_IN,Location
Q1566255,Q145,RESIDES_IN,Location
Q106315468,Q145,RESIDES_IN,Location
Q115117736,Q145,RESIDES_IN,Location
Q80859711,Q145,RESIDES_IN,Location
Q83558978,Q145,RESIDES_IN,Location
Q29482063,Q145,RESIDES_IN,Location
Q79684518,Q145,RESIDES_IN,Location
Q80476878,Q145,RESIDES_IN,Location
Q208909,Q30,RESIDES_IN,Location
Q29483496,Q145,RESIDES_IN,Location
Q26532083,Q145,RESIDES_IN,Location
Q88916769,Q145,RESIDES_IN,Location
Q26459339,Q145,RESIDES_IN,Location
Q80857104,Q145,RESIDES_IN,Location
Q100333041,Q145,RESIDES_IN,Location
Q29492836,Q145,RESIDES_IN,Location
Q26375427,Q145,RESIDES_IN,Location
Q99573696,Q145,RESIDES_IN,Location
Q26593340,Q145,RESIDES_IN,Location
Q324029,Q145,RESIDES_IN,Location
Q29487221,Q145,RESIDES_IN,Location
Q80583324,Q145,RESIDES_IN,Location
Q80582976,Q145,RESIDES_IN,Location
Q26548846,Q145,RESIDES_IN,Location
Q80856936,Q145,RESIDES_IN,Location
Q80855065,Q145,RESIDES_IN,Location
Q6684760,Q145,RESIDES_IN,Location
Q61904742,Q145,RESIDES_IN,Location
Q16901620,Q145,RESIDES_IN,Location
Q54303510,Q145,RESIDES_IN,Location
Q3146461,Q145,RESIDES_IN,Location
Q16258059,Q145,RESIDES_IN,Location
Q2071252,Q145,RESIDES_IN,Location
Q5204208,Q145,RESIDES_IN,Location
Q80585313,Q145,RESIDES_IN,Location
Q26416728,Q145,RESIDES_IN,Location
Q80476239,Q145,RESIDES_IN,Location
Q26597956,Q145,RESIDES_IN,Location
Q81047854,Q145,RESIDES_IN,Location
Q26317597,Q145,RESIDES_IN,Location
Q26408391,Q145,RESIDES_IN,Location
Q26487354,Q145,RESIDES_IN,Location
Q70628473,Q145,RESIDES_IN,Location
Q80856286,Q145,RESIDES_IN,Location
Q26613163,Q145,RESIDES_IN,Location
Q79683805,Q145,RESIDES_IN,Location
Q26674501,Q145,RESIDES_IN,Location
Q26510610,Q145,RESIDES_IN,Location
Q70628137,Q145,RESIDES_IN,Location
Q26541477,Q145,RESIDES_IN,Location
Q26549786,Q145,RESIDES_IN,Location
Q2440708,Q145,RESIDES_IN,Location
Q28836435,Q145,RESIDES_IN,Location
Q26628844,Q145,RESIDES_IN,Location
Q79684237,Q145,RESIDES_IN,Location
Q80583980,Q145,RESIDES_IN,Location
Q99591916,Q145,RESIDES_IN,Location
Q80582364,Q145,RESIDES_IN,Location
Q79684641,Q145,RESIDES_IN,Location
Q80859258,Q145,RESIDES_IN,Location
Q97665078,Q145,RESIDES_IN,Location
Q6456292,Q145,RESIDES_IN,Location
Q1138080,Q145,RESIDES_IN,Location
Q24039452,Q145,RESIDES_IN,Location
Q4810825,Q145,RESIDES_IN,Location
Q80476546,Q145,RESIDES_IN,Location
Q16896934,Q145,RESIDES_IN,Location
Q20754846,Q145,RESIDES_IN,Location
Q97924395,Q145,RESIDES_IN,Location
Q26318188,Q145,RESIDES_IN,Location
Q10667172,Q145,RESIDES_IN,Location
Q26582229,Q145,RESIDES_IN,Location
Q7432952,Q27,RESIDES_IN,Location
Q26592113,Q145,RESIDES_IN,Location
Q61890228,Q145,RESIDES_IN,Location
Q99592310,Q145,RESIDES_IN,Location
Q8026998,Q145,RESIDES_IN,Location
Q5223427,Q145,RESIDES_IN,Location
Q80585237,Q145,RESIDES_IN,Location
Q37858337,Q145,RESIDES_IN,Location
Q912887,Q145,RESIDES_IN,Location
Q79461798,Q145,RESIDES_IN,Location
Q161140,Q145,RESIDES_IN,Location
Q170027,Q145,RESIDES_IN,Location
Q7761040,Q145,RESIDES_IN,Location
Q26580714,Q145,RESIDES_IN,Location
Q26373545,Q145,RESIDES_IN,Location
Q29344371,Q145,RESIDES_IN,Location
Q26475176,Q145,RESIDES_IN,Location
Q80856639,Q145,RESIDES_IN,Location
Q80857498,Q145,RESIDES_IN,Location
Q80857452,Q145,RESIDES_IN,Location
Q26645526,Q145,RESIDES_IN,Location
Q31680563,Q145,RESIDES_IN,Location
Q26631632,Q145,RESIDES_IN,Location
Q88917358,Q145,RESIDES_IN,Location
Q7084798,Q145,RESIDES_IN,Location
Q61915752,Q145,RESIDES_IN,Location
Q26646624,Q145,RESIDES_IN,Location
Q81047934,Q145,RESIDES_IN,Location
Q16245411,Q145,RESIDES_IN,Location
Q3403347,Q145,RESIDES_IN,Location
Q79684751,Q145,RESIDES_IN,Location
Q26618799,Q145,RESIDES_IN,Location
Q50809770,Q145,RESIDES_IN,Location
Q26423554,Q145,RESIDES_IN,Location
Q79683945,Q145,RESIDES_IN,Location
Q16707778,Q145,RESIDES_IN,Location
Q4883362,Q145,RESIDES_IN,Location
Q80476324,Q145,RESIDES_IN,Location
Q80855166,Q145,RESIDES_IN,Location
Q23305455,Q145,RESIDES_IN,Location
Q80857680,Q145,RESIDES_IN,Location
Q15978976,Q145,RESIDES_IN,Location
Q84079026,Q145,RESIDES_IN,Location
Q99592024,Q145,RESIDES_IN,Location
Q80584576,Q145,RESIDES_IN,Location
Q21592240,Q145,RESIDES_IN,Location
Q80584962,Q145,RESIDES_IN,Location
Q79461641,Q145,RESIDES_IN,Location
Q99591911,Q145,RESIDES_IN,Location
Q80585070,Q145,RESIDES_IN,Location
Q80583372,Q145,RESIDES_IN,Location
Q17776117,Q145,RESIDES_IN,Location
Q80476733,Q145,RESIDES_IN,Location
Q79683817,Q145,RESIDES_IN,Location
Q88973886,Q145,RESIDES_IN,Location
Q80857944,Q145,RESIDES_IN,Location
Q80582668,Q145,RESIDES_IN,Location
Q61875795,Q145,RESIDES_IN,Location
Q26670454,Q145,RESIDES_IN,Location
Q17040140,Q145,RESIDES_IN,Location
Q18162104,Q145,RESIDES_IN,Location
Q80858862,Q145,RESIDES_IN,Location
Q80477081,Q145,RESIDES_IN,Location
Q29482565,Q145,RESIDES_IN,Location
Q81047976,Q145,RESIDES_IN,Location
Q26594153,Q145,RESIDES_IN,Location
Q80858830,Q145,RESIDES_IN,Location
Q6391833,Q145,RESIDES_IN,Location
Q7326811,Q145,RESIDES_IN,Location
Q88915780,Q145,RESIDES_IN,Location
Q1199764,Q145,RESIDES_IN,Location
Q81047955,Q145,RESIDES_IN,Location
Q79683758,Q145,RESIDES_IN,Location
Q80581547,Q145,RESIDES_IN,Location
Q80476869,Q145,RESIDES_IN,Location
Q99593069,Q145,RESIDES_IN,Location
Q16985637,Q145,RESIDES_IN,Location
Q80583298,Q145,RESIDES_IN,Location
Q80855214,Q145,RESIDES_IN,Location
Q99592362,Q145,RESIDES_IN,Location
Q88917388,Q145,RESIDES_IN,Location
Q111099273,Q145,RESIDES_IN,Location
Q4053147,Q145,RESIDES_IN,Location
Q7118727,Q145,RESIDES_IN,Location
Q80583971,Q145,RESIDES_IN,Location
Q80859491,Q145,RESIDES_IN,Location
Q80858676,Q145,RESIDES_IN,Location
Q26579522,Q145,RESIDES_IN,Location
Q26602630,Q145,RESIDES_IN,Location
Q80859388,Q145,RESIDES_IN,Location
Q5189382,Q145,RESIDES_IN,Location
Q83558820,Q145,RESIDES_IN,Location
Q7304184,Q145,RESIDES_IN,Location
Q80581959,Q145,RESIDES_IN,Location
Q80582693,Q145,RESIDES_IN,Location
Q80857219,Q145,RESIDES_IN,Location
Q21647629,Q145,RESIDES_IN,Location
Q15979609,Q145,RESIDES_IN,Location
Q7157762,Q145,RESIDES_IN,Location
Q79684181,Q145,RESIDES_IN,Location
Q80859206,Q145,RESIDES_IN,Location
Q26629128,Q145,RESIDES_IN,Location
Q80581498,Q145,RESIDES_IN,Location
Q80859610,Q145,RESIDES_IN,Location
Q80583654,Q145,RESIDES_IN,Location
Q26298486,Q145,RESIDES_IN,Location
Q26533439,Q145,RESIDES_IN,Location
Q15979621,Q145,RESIDES_IN,Location
Q26454074,Q145,RESIDES_IN,Location
Q26381069,Q145,RESIDES_IN,Location
Q80858265,Q145,RESIDES_IN,Location
Q80858414,Q145,RESIDES_IN,Location
Q26432873,Q145,RESIDES_IN,Location
Q58483189,Q145,RESIDES_IN,Location
Q26577348,Q145,RESIDES_IN,Location
Q301092,Q145,RESIDES_IN,Location
Q26588079,Q145,RESIDES_IN,Location
Q80859365,Q145,RESIDES_IN,Location
Q26523076,Q145,RESIDES_IN,Location
Q80858059,Q145,RESIDES_IN,Location
Q88917107,Q145,RESIDES_IN,Location
Q107148047,Q145,RESIDES_IN,Location
Q26447917,Q145,RESIDES_IN,Location
Q61863226,Q145,RESIDES_IN,Location
Q5134299,Q145,RESIDES_IN,Location
Q16707742,Q145,RESIDES_IN,Location
Q80577958,Q145,RESIDES_IN,Location
Q5157187,Q145,RESIDES_IN,Location
Q110247043,Q145,RESIDES_IN,Location
Q19903306,Q145,RESIDES_IN,Location
Q17549012,Q145,RESIDES_IN,Location
Q26301015,Q145,RESIDES_IN,Location
Q26606380,Q145,RESIDES_IN,Location
Q80582683,Q145,RESIDES_IN,Location
Q6744343,Q145,RESIDES_IN,Location
Q55177088,Q145,RESIDES_IN,Location
Q26336505,Q145,RESIDES_IN,Location
Q26293673,Q145,RESIDES_IN,Location
Q3476350,Q145,RESIDES_IN,Location
Q80577968,Q145,RESIDES_IN,Location
Q18162102,Q145,RESIDES_IN,Location
Q26604486,Q145,RESIDES_IN,Location
Q26637594,Q145,RESIDES_IN,Location
Q99591918,Q145,RESIDES_IN,Location
Q63164854,Q145,RESIDES_IN,Location
Q80582345,Q145,RESIDES_IN,Location
Q26282400,Q145,RESIDES_IN,Location
Q5050272,Q145,RESIDES_IN,Location
Q113500584,Q145,RESIDES_IN,Location
Q26471591,Q145,RESIDES_IN,Location
Q80857020,Q145,RESIDES_IN,Location
Q17018025,Q145,RESIDES_IN,Location
Q26383393,Q145,RESIDES_IN,Location
Q17840255,Q145,RESIDES_IN,Location
Q1785352,Q145,RESIDES_IN,Location
Q80585474,Q145,RESIDES_IN,Location
Q17553562,Q145,RESIDES_IN,Location
Q80859033,Q145,RESIDES_IN,Location
Q80855446,Q145,RESIDES_IN,Location
Q80855715,Q145,RESIDES_IN,Location
Q61915323,Q145,RESIDES_IN,Location
Q26594918,Q145,RESIDES_IN,Location
Q80584965,Q145,RESIDES_IN,Location
Q1810244,Q145,RESIDES_IN,Location
Q28404576,Q145,RESIDES_IN,Location
Q7880069,Q145,RESIDES_IN,Location
Q771734,Q145,RESIDES_IN,Location
Q80578258,Q145,RESIDES_IN,Location
Q19654538,Q145,RESIDES_IN,Location
Q15198062,Q145,RESIDES_IN,Location
Q80582263,Q145,RESIDES_IN,Location
Q80702304,Q145,RESIDES_IN,Location
Q80585201,Q145,RESIDES_IN,Location
Q99593144,Q145,RESIDES_IN,Location
Q707602,Q145,RESIDES_IN,Location
Q7988183,Q145,RESIDES_IN,Location
Q26543594,Q145,RESIDES_IN,Location
Q114348566,Q145,RESIDES_IN,Location
Q1542317,Q145,RESIDES_IN,Location
Q88917327,Q145,RESIDES_IN,Location
Q26529102,Q145,RESIDES_IN,Location
Q8055673,Q145,RESIDES_IN,Location
Q80581790,Q145,RESIDES_IN,Location
Q61865226,Q145,RESIDES_IN,Location
Q487494,Q145,RESIDES_IN,Location
Q7714230,Q145,RESIDES_IN,Location
Q61866063,Q145,RESIDES_IN,Location
Q26636544,Q145,RESIDES_IN,Location
Q4836845,Q145,RESIDES_IN,Location
Q26607269,Q145,RESIDES_IN,Location
Q29482234,Q145,RESIDES_IN,Location
Q80583048,Q145,RESIDES_IN,Location
Q26327315,Q145,RESIDES_IN,Location
Q79684247,Q145,RESIDES_IN,Location
Q80583450,Q145,RESIDES_IN,Location
Q26530908,Q145,RESIDES_IN,Location
Q99592356,Q145,RESIDES_IN,Location
Q80581829,Q145,RESIDES_IN,Location
Q5270359,Q145,RESIDES_IN,Location
Q26483516,Q145,RESIDES_IN,Location
Q80583619,Q145,RESIDES_IN,Location
Q80583116,Q145,RESIDES_IN,Location
Q88916709,Q145,RESIDES_IN,Location
Q26446115,Q145,RESIDES_IN,Location
Q26549742,Q145,RESIDES_IN,Location
Q80857668,Q145,RESIDES_IN,Location
Q30293403,Q145,RESIDES_IN,Location
Q80583958,Q145,RESIDES_IN,Location
Q43895163,Q145,RESIDES_IN,Location
Q26586188,Q145,RESIDES_IN,Location
Q26443768,Q145,RESIDES_IN,Location
Q7618657,Q145,RESIDES_IN,Location
Q7552982,Q145,RESIDES_IN,Location
Q26464075,Q145,RESIDES_IN,Location
Q80585393,Q145,RESIDES_IN,Location
Q64992591,Q145,RESIDES_IN,Location
Q26375238,Q145,RESIDES_IN,Location
Q26497982,Q145,RESIDES_IN,Location
Q26526863,Q145,RESIDES_IN,Location
Q17547208,Q145,RESIDES_IN,Location
Q80582023,Q145,RESIDES_IN,Location
Q80584228,Q145,RESIDES_IN,Location
Q29481796,Q145,RESIDES_IN,Location
Q6979055,Q145,RESIDES_IN,Location
Q21041507,Q145,RESIDES_IN,Location
Q5559841,Q145,RESIDES_IN,Location
Q88973883,Q145,RESIDES_IN,Location
Q80583513,Q145,RESIDES_IN,Location
Q80584483,Q145,RESIDES_IN,Location
Q5452145,Q145,RESIDES_IN,Location
Q80857224,Q145,RESIDES_IN,Location
Q24298976,Q145,RESIDES_IN,Location
Q80581815,Q145,RESIDES_IN,Location
Q79684344,Q145,RESIDES_IN,Location
Q80476260,Q145,RESIDES_IN,Location
Q26392422,Q145,RESIDES_IN,Location
Q17552260,Q145,RESIDES_IN,Location
Q80581941,Q145,RESIDES_IN,Location
Q99593236,Q145,RESIDES_IN,Location
Q26434742,Q145,RESIDES_IN,Location
Q80578229,Q145,RESIDES_IN,Location
Q79684565,Q145,RESIDES_IN,Location
Q56749746,Q145,RESIDES_IN,Location
Q80584671,Q145,RESIDES_IN,Location
Q83558987,Q145,RESIDES_IN,Location
Q80582102,Q145,RESIDES_IN,Location
Q88915738,Q145,RESIDES_IN,Location
Q26316381,Q145,RESIDES_IN,Location
Q26532466,Q145,RESIDES_IN,Location
Q79683858,Q145,RESIDES_IN,Location
Q88917748,Q145,RESIDES_IN,Location
Q80476951,Q145,RESIDES_IN,Location
Q80855961,Q145,RESIDES_IN,Location
Q3249419,Q145,RESIDES_IN,Location
Q99593245,Q145,RESIDES_IN,Location
Q80476710,Q145,RESIDES_IN,Location
Q26490937,Q145,RESIDES_IN,Location
Q80857846,Q145,RESIDES_IN,Location
Q26463467,Q145,RESIDES_IN,Location
Q26688962,Q145,RESIDES_IN,Location
Q80856085,Q145,RESIDES_IN,Location
Q80585122,Q145,RESIDES_IN,Location
Q61890523,Q145,RESIDES_IN,Location
Q74727788,Q145,RESIDES_IN,Location
Q2855977,Q145,RESIDES_IN,Location
Q1026582,Q145,RESIDES_IN,Location
Q88918684,Q145,RESIDES_IN,Location
Q80855863,Q145,RESIDES_IN,Location
Q26597245,Q145,RESIDES_IN,Location
Q8072944,Q145,RESIDES_IN,Location
Q211237,Q145,RESIDES_IN,Location
Q26390457,Q145,RESIDES_IN,Location
Q80585446,Q145,RESIDES_IN,Location
Q70628264,Q145,RESIDES_IN,Location
Q549624,Q145,RESIDES_IN,Location
Q26385406,Q145,RESIDES_IN,Location
Q80578035,Q145,RESIDES_IN,Location
Q26435272,Q145,RESIDES_IN,Location
Q83558666,Q145,RESIDES_IN,Location
Q80476924,Q145,RESIDES_IN,Location
Q29503962,Q145,RESIDES_IN,Location
Q87760958,Q145,RESIDES_IN,Location
Q26380400,Q145,RESIDES_IN,Location
Q92176916,Q145,RESIDES_IN,Location
Q168241,Q183,RESIDES_IN,Location
Q2091609,Q145,RESIDES_IN,Location
Q99592890,Q145,RESIDES_IN,Location
Q7190491,Q145,RESIDES_IN,Location
Q17361849,Q145,RESIDES_IN,Location
Q26668171,Q145,RESIDES_IN,Location
Q99593039,Q145,RESIDES_IN,Location
Q17549614,Q145,RESIDES_IN,Location
Q30324333,Q145,RESIDES_IN,Location
Q5179756,Q145,RESIDES_IN,Location
Q61915874,Q145,RESIDES_IN,Location
Q26483787,Q145,RESIDES_IN,Location
Q7951145,Q145,RESIDES_IN,Location
Q110637274,Q145,RESIDES_IN,Location
Q29487568,Q145,RESIDES_IN,Location
Q80583925,Q145,RESIDES_IN,Location
Q17568207,Q145,RESIDES_IN,Location
Q29483454,Q145,RESIDES_IN,Location
Q80585206,Q145,RESIDES_IN,Location
Q65923002,Q145,RESIDES_IN,Location
Q26405395,Q145,RESIDES_IN,Location
Q7284120,Q145,RESIDES_IN,Location
Q15673036,Q145,RESIDES_IN,Location
Q80583678,Q145,RESIDES_IN,Location
Q5329818,Q145,RESIDES_IN,Location
Q5467372,Q30,RESIDES_IN,Location
Q26550131,Q145,RESIDES_IN,Location
Q29484496,Q145,RESIDES_IN,Location
Q26661856,Q145,RESIDES_IN,Location
Q5416921,Q145,RESIDES_IN,Location
Q80855502,Q145,RESIDES_IN,Location
Q26306293,Q145,RESIDES_IN,Location
Q26556497,Q145,RESIDES_IN,Location
Q80578059,Q145,RESIDES_IN,Location
Q61515805,Q145,RESIDES_IN,Location
Q80583904,Q145,RESIDES_IN,Location
Q4808782,Q145,RESIDES_IN,Location
Q15979555,Q145,RESIDES_IN,Location
Q107600739,Q145,RESIDES_IN,Location
Q18589166,Q145,RESIDES_IN,Location
Q4035093,Q145,RESIDES_IN,Location
Q80859224,Q145,RESIDES_IN,Location
Q26603450,Q145,RESIDES_IN,Location
Q99592207,Q145,RESIDES_IN,Location
Q80858690,Q145,RESIDES_IN,Location
Q26350524,Q145,RESIDES_IN,Location
Q26402919,Q145,RESIDES_IN,Location
Q80582298,Q145,RESIDES_IN,Location
Q80584547,Q145,RESIDES_IN,Location
Q26506149,Q145,RESIDES_IN,Location
Q18162052,Q145,RESIDES_IN,Location
Q5475480,Q145,RESIDES_IN,Location
Q26631222,Q145,RESIDES_IN,Location
Q6653170,Q145,RESIDES_IN,Location
Q57546157,Q145,RESIDES_IN,Location
Q27080720,Q145,RESIDES_IN,Location
Q7996831,Q145,RESIDES_IN,Location
Q26534787,Q145,RESIDES_IN,Location
Q79684620,Q145,RESIDES_IN,Location
Q61923561,Q145,RESIDES_IN,Location
Q83559689,Q145,RESIDES_IN,Location
Q26638137,Q145,RESIDES_IN,Location
Q80856188,Q145,RESIDES_IN,Location
Q99591864,Q145,RESIDES_IN,Location
Q26408486,Q145,RESIDES_IN,Location
Q3246464,Q27,RESIDES_IN,Location
Q80581523,Q145,RESIDES_IN,Location
Q80582604,Q145,RESIDES_IN,Location
Q56849899,Q145,RESIDES_IN,Location
Q26405666,Q145,RESIDES_IN,Location
Q17771102,Q145,RESIDES_IN,Location
Q6155304,Q145,RESIDES_IN,Location
Q26405507,Q145,RESIDES_IN,Location
Q26387093,Q145,RESIDES_IN,Location
Q64172463,Q145,RESIDES_IN,Location
Q80858299,Q145,RESIDES_IN,Location
Q29490017,Q145,RESIDES_IN,Location
Q7864927,Q145,RESIDES_IN,Location
Q61890229,Q145,RESIDES_IN,Location
Q99591886,Q145,RESIDES_IN,Location
Q99593202,Q145,RESIDES_IN,Location
Q99592562,Q145,RESIDES_IN,Location
Q17021629,Q145,RESIDES_IN,Location
Q30254825,Q145,RESIDES_IN,Location
Q26385092,Q145,RESIDES_IN,Location
Q80858901,Q145,RESIDES_IN,Location
Q27085740,Q145,RESIDES_IN,Location
Q81047988,Q145,RESIDES_IN,Location
Q26650232,Q145,RESIDES_IN,Location
Q2740021,Q145,RESIDES_IN,Location
Q80857537,Q145,RESIDES_IN,Location
Q17017289,Q145,RESIDES_IN,Location
Q4353662,Q145,RESIDES_IN,Location
Q29480751,Q145,RESIDES_IN,Location
Q26509572,Q145,RESIDES_IN,Location
Q80581558,Q145,RESIDES_IN,Location
Q88916470,Q145,RESIDES_IN,Location
Q26448939,Q145,RESIDES_IN,Location
Q17020712,Q145,RESIDES_IN,Location
Q80856025,Q145,RESIDES_IN,Location
Q2463285,Q145,RESIDES_IN,Location
Q4882291,Q145,RESIDES_IN,Location
Q61915935,Q145,RESIDES_IN,Location
Q80584008,Q145,RESIDES_IN,Location
Q80584180,Q145,RESIDES_IN,Location
Q59209009,Q145,RESIDES_IN,Location
Q27083738,Q145,RESIDES_IN,Location
Q56706731,Q145,RESIDES_IN,Location
Q99592998,Q145,RESIDES_IN,Location
Q80583700,Q145,RESIDES_IN,Location
Q952937,Q145,RESIDES_IN,Location
Q61865328,Q145,RESIDES_IN,Location
Q61863222,Q145,RESIDES_IN,Location
Q80859394,Q145,RESIDES_IN,Location
Q638862,Q145,RESIDES_IN,Location
Q26426046,Q145,RESIDES_IN,Location
Q61862574,Q145,RESIDES_IN,Location
Q6483046,Q145,RESIDES_IN,Location
Q113380857,Q145,RESIDES_IN,Location
Q16963841,Q145,RESIDES_IN,Location
Q17531277,Q145,RESIDES_IN,Location
Q27780064,Q145,RESIDES_IN,Location
Q79684293,Q145,RESIDES_IN,Location
Q80476639,Q145,RESIDES_IN,Location
Q16851000,Q145,RESIDES_IN,Location
Q99591033,Q145,RESIDES_IN,Location
Q80585412,Q145,RESIDES_IN,Location
Q80855623,Q145,RESIDES_IN,Location
Q26631786,Q145,RESIDES_IN,Location
Q80585214,Q145,RESIDES_IN,Location
Q3051064,Q145,RESIDES_IN,Location
Q26439978,Q145,RESIDES_IN,Location
Q111677447,Q145,RESIDES_IN,Location
Q26561682,Q145,RESIDES_IN,Location
Q109719140,Q145,RESIDES_IN,Location
Q27084213,Q145,RESIDES_IN,Location
Q17985824,Q145,RESIDES_IN,Location
Q81047838,Q145,RESIDES_IN,Location
Q99593002,Q145,RESIDES_IN,Location
Q99592719,Q145,RESIDES_IN,Location
Q80855729,Q145,RESIDES_IN,Location
Q80583347,Q145,RESIDES_IN,Location
Q26384308,Q145,RESIDES_IN,Location
Q26452649,Q145,RESIDES_IN,Location
Q26674365,Q145,RESIDES_IN,Location
Q26601403,Q145,RESIDES_IN,Location
Q79683914,Q145,RESIDES_IN,Location
Q26317223,Q145,RESIDES_IN,Location
Q88973873,Q145,RESIDES_IN,Location
Q108396122,Q145,RESIDES_IN,Location
Q4689707,Q145,RESIDES_IN,Location
Q21006828,Q145,RESIDES_IN,Location
Q5296708,Q145,RESIDES_IN,Location
Q26444028,Q145,RESIDES_IN,Location
Q297410,Q145,RESIDES_IN,Location
Q80476255,Q145,RESIDES_IN,Location
Q66424761,Q145,RESIDES_IN,Location
Q26618136,Q145,RESIDES_IN,Location
Q61915934,Q145,RESIDES_IN,Location
Q26369929,Q145,RESIDES_IN,Location
Q99592952,Q145,RESIDES_IN,Location
Q80583479,Q145,RESIDES_IN,Location
Q80584142,Q145,RESIDES_IN,Location
Q80584522,Q145,RESIDES_IN,Location
Q26551501,Q145,RESIDES_IN,Location
Q1054692,Q145,RESIDES_IN,Location
Q57236437,Q145,RESIDES_IN,Location
Q80858338,Q145,RESIDES_IN,Location
Q26387057,Q145,RESIDES_IN,Location
Q21008638,Q145,RESIDES_IN,Location
Q4997447,Q145,RESIDES_IN,Location
Q80581443,Q145,RESIDES_IN,Location
Q103843071,Q145,RESIDES_IN,Location
Q99593006,Q145,RESIDES_IN,Location
Q26367656,Q145,RESIDES_IN,Location
Q80584364,Q145,RESIDES_IN,Location
Q26468792,Q145,RESIDES_IN,Location
Q80859285,Q145,RESIDES_IN,Location
Q61890231,Q145,RESIDES_IN,Location
Q81047868,Q145,RESIDES_IN,Location
Q409271,Q145,RESIDES_IN,Location
Q79684154,Q145,RESIDES_IN,Location
Q80477158,Q145,RESIDES_IN,Location
Q26586439,Q145,RESIDES_IN,Location
Q29481100,Q145,RESIDES_IN,Location
Q80859133,Q145,RESIDES_IN,Location
Q80859359,Q145,RESIDES_IN,Location
Q6899324,Q145,RESIDES_IN,Location
Q26363703,Q145,RESIDES_IN,Location
Q26627190,Q145,RESIDES_IN,Location
Q26320492,Q145,RESIDES_IN,Location
Q3658279,Q145,RESIDES_IN,Location
Q112954727,Q145,RESIDES_IN,Location
Q99593025,Q145,RESIDES_IN,Location
Q81047960,Q145,RESIDES_IN,Location
Q26459056,Q145,RESIDES_IN,Location
Q80582923,Q145,RESIDES_IN,Location
Q88916385,Q145,RESIDES_IN,Location
Q113714258,Q145,RESIDES_IN,Location
Q80582021,Q145,RESIDES_IN,Location
Q26461106,Q145,RESIDES_IN,Location
Q80583761,Q145,RESIDES_IN,Location
Q80857485,Q145,RESIDES_IN,Location
Q29494591,Q145,RESIDES_IN,Location
Q16996252,Q145,RESIDES_IN,Location
Q3541062,Q145,RESIDES_IN,Location
Q1136426,Q145,RESIDES_IN,Location
Q72592238,Q145,RESIDES_IN,Location
Q80582028,Q145,RESIDES_IN,Location
Q80476719,Q145,RESIDES_IN,Location
Q99592360,Q145,RESIDES_IN,Location
Q19582513,Q145,RESIDES_IN,Location
Q12071450,Q145,RESIDES_IN,Location
Q6709522,Q145,RESIDES_IN,Location
Q99593017,Q145,RESIDES_IN,Location
Q26560563,Q145,RESIDES_IN,Location
Q26620762,Q145,RESIDES_IN,Location
Q97621257,Q145,RESIDES_IN,Location
Q7205652,Q145,RESIDES_IN,Location
Q4848560,Q145,RESIDES_IN,Location
Q80858099,Q145,RESIDES_IN,Location
Q26314256,Q145,RESIDES_IN,Location
Q27074,Q145,RESIDES_IN,Location
Q99591710,Q145,RESIDES_IN,Location
Q80858560,Q145,RESIDES_IN,Location
Q79684473,Q145,RESIDES_IN,Location
Q79684229,Q145,RESIDES_IN,Location
Q29494875,Q145,RESIDES_IN,Location
Q26631577,Q145,RESIDES_IN,Location
Q80581449,Q145,RESIDES_IN,Location
Q15978989,Q145,RESIDES_IN,Location
Q26500764,Q145,RESIDES_IN,Location
Q26685480,Q145,RESIDES_IN,Location
Q3310164,Q145,RESIDES_IN,Location
Q29481564,Q145,RESIDES_IN,Location
Q26397062,Q145,RESIDES_IN,Location
Q17831152,Q145,RESIDES_IN,Location
Q80856405,Q145,RESIDES_IN,Location
Q16995620,Q145,RESIDES_IN,Location
Q80582942,Q145,RESIDES_IN,Location
Q80856743,Q145,RESIDES_IN,Location
Q99592344,Q145,RESIDES_IN,Location
Q80585154,Q145,RESIDES_IN,Location
Q26573241,Q145,RESIDES_IN,Location
Q16988330,Q145,RESIDES_IN,Location
Q3045727,Q145,RESIDES_IN,Location
Q88965897,Q145,RESIDES_IN,Location
Q26685263,Q145,RESIDES_IN,Location
Q26554490,Q145,RESIDES_IN,Location
Q26310866,Q145,RESIDES_IN,Location
Q26462881,Q145,RESIDES_IN,Location
Q26509925,Q145,RESIDES_IN,Location
Q80582537,Q145,RESIDES_IN,Location
Q26437170,Q145,RESIDES_IN,Location
Q26498474,Q145,RESIDES_IN,Location
Q98222607,Q145,RESIDES_IN,Location
Q26598115,Q145,RESIDES_IN,Location
Q106537558,Q145,RESIDES_IN,Location
Q26629005,Q145,RESIDES_IN,Location
Q111417174,Q145,RESIDES_IN,Location
Q26578097,Q145,RESIDES_IN,Location
Q26614109,Q145,RESIDES_IN,Location
Q80857564,Q145,RESIDES_IN,Location
Q26511883,Q145,RESIDES_IN,Location
Q80855156,Q145,RESIDES_IN,Location
Q80855079,Q145,RESIDES_IN,Location
Q132478,Q145,RESIDES_IN,Location
Q80857175,Q145,RESIDES_IN,Location
Q99592828,Q145,RESIDES_IN,Location
Q80855399,Q145,RESIDES_IN,Location
Q113301085,Q145,RESIDES_IN,Location
Q5298850,Q145,RESIDES_IN,Location
Q80477107,Q145,RESIDES_IN,Location
Q80857566,Q145,RESIDES_IN,Location
Q88916379,Q145,RESIDES_IN,Location
Q5175738,Q145,RESIDES_IN,Location
Q80856588,Q145,RESIDES_IN,Location
Q26497655,Q145,RESIDES_IN,Location
Q17264483,Q145,RESIDES_IN,Location
Q88917399,Q145,RESIDES_IN,Location
Q26624272,Q145,RESIDES_IN,Location
Q80476201,Q145,RESIDES_IN,Location
Q3325340,Q145,RESIDES_IN,Location
Q26514504,Q145,RESIDES_IN,Location
Q80858234,Q145,RESIDES_IN,Location
Q4810393,Q145,RESIDES_IN,Location
Q17016984,Q145,RESIDES_IN,Location
Q30301927,Q145,RESIDES_IN,Location
Q80585457,Q145,RESIDES_IN,Location
Q57977677,Q145,RESIDES_IN,Location
Q80584092,Q145,RESIDES_IN,Location
Q4876450,Q145,RESIDES_IN,Location
Q111132835,Q145,RESIDES_IN,Location
Q26611500,Q145,RESIDES_IN,Location
Q26483677,Q145,RESIDES_IN,Location
Q26436849,Q145,RESIDES_IN,Location
Q26602964,Q145,RESIDES_IN,Location
Q61904729,Q145,RESIDES_IN,Location
Q80583878,Q145,RESIDES_IN,Location
Q54877457,Q145,RESIDES_IN,Location
Q776721,Q145,RESIDES_IN,Location
Q26388617,Q145,RESIDES_IN,Location
Q99592695,Q145,RESIDES_IN,Location
Q80859586,Q145,RESIDES_IN,Location
Q26650251,Q145,RESIDES_IN,Location
Q29488446,Q145,RESIDES_IN,Location
Q4969074,Q145,RESIDES_IN,Location
Q80582791,Q145,RESIDES_IN,Location
Q88916408,Q145,RESIDES_IN,Location
Q61924005,Q145,RESIDES_IN,Location
Q88917382,Q145,RESIDES_IN,Location
Q26604342,Q145,RESIDES_IN,Location
Q80581563,Q145,RESIDES_IN,Location
Q80856303,Q145,RESIDES_IN,Location
Q79683966,Q145,RESIDES_IN,Location
Q26547438,Q145,RESIDES_IN,Location
Q80857272,Q145,RESIDES_IN,Location
Q100138679,Q145,RESIDES_IN,Location
Q5890379,Q145,RESIDES_IN,Location
Q80582702,Q145,RESIDES_IN,Location
Q26604421,Q145,RESIDES_IN,Location
Q81047913,Q145,RESIDES_IN,Location
Q80584434,Q145,RESIDES_IN,Location
Q80583605,Q145,RESIDES_IN,Location
Q26674627,Q145,RESIDES_IN,Location
Q7404388,Q145,RESIDES_IN,Location
Q4816305,Q145,RESIDES_IN,Location
Q18161873,Q145,RESIDES_IN,Location
Q26392623,Q145,RESIDES_IN,Location
Q80855034,Q145,RESIDES_IN,Location
Q111487512,Q145,RESIDES_IN,Location
Q79683949,Q145,RESIDES_IN,Location
Q80577901,Q145,RESIDES_IN,Location
Q80582666,Q145,RESIDES_IN,Location
Q52164641,Q145,RESIDES_IN,Location
Q80581897,Q145,RESIDES_IN,Location
Q2522363,Q145,RESIDES_IN,Location
Q88916778,Q145,RESIDES_IN,Location
Q26521680,Q145,RESIDES_IN,Location
Q26463667,Q145,RESIDES_IN,Location
Q99591720,Q145,RESIDES_IN,Location
Q80583052,Q145,RESIDES_IN,Location
Q4779426,Q145,RESIDES_IN,Location
Q109284705,Q145,RESIDES_IN,Location
Q26451043,Q145,RESIDES_IN,Location
Q80581489,Q145,RESIDES_IN,Location
Q21592473,Q145,RESIDES_IN,Location
Q109860161,Q145,RESIDES_IN,Location
Q80859526,Q145,RESIDES_IN,Location
Q80584071,Q145,RESIDES_IN,Location
Q18355951,Q145,RESIDES_IN,Location
Q17545654,Q145,RESIDES_IN,Location
Q17003652,Q145,RESIDES_IN,Location
Q1939341,Q145,RESIDES_IN,Location
Q3514518,Q145,RESIDES_IN,Location
Q7983303,Q145,RESIDES_IN,Location
Q17535715,Q145,RESIDES_IN,Location
Q26535687,Q145,RESIDES_IN,Location
Q59398341,Q145,RESIDES_IN,Location
Q99592745,Q145,RESIDES_IN,Location
Q29486147,Q145,RESIDES_IN,Location
Q80859106,Q145,RESIDES_IN,Location
Q88917054,Q145,RESIDES_IN,Location
Q26588587,Q145,RESIDES_IN,Location
Q26594419,Q145,RESIDES_IN,Location
Q26367206,Q145,RESIDES_IN,Location
Q76473287,Q145,RESIDES_IN,Location
Q79683764,Q145,RESIDES_IN,Location
Q5599804,Q145,RESIDES_IN,Location
Q26532967,Q145,RESIDES_IN,Location
Q80583015,Q145,RESIDES_IN,Location
Q26613188,Q145,RESIDES_IN,Location
Q80855940,Q145,RESIDES_IN,Location
Q6901154,Q145,RESIDES_IN,Location
Q80477373,Q145,RESIDES_IN,Location
Q80476510,Q145,RESIDES_IN,Location
Q4778373,Q145,RESIDES_IN,Location
Q26467134,Q145,RESIDES_IN,Location
Q26592459,Q145,RESIDES_IN,Location
Q16257838,Q145,RESIDES_IN,Location
Q65560445,Q145,RESIDES_IN,Location
Q61875791,Q145,RESIDES_IN,Location
Q61861801,Q145,RESIDES_IN,Location
Q3496440,Q145,RESIDES_IN,Location
Q7705696,Q145,RESIDES_IN,Location
Q80857281,Q145,RESIDES_IN,Location
Q7429211,Q145,RESIDES_IN,Location
Q268267,Q145,RESIDES_IN,Location
Q5533909,Q145,RESIDES_IN,Location
Q99593151,Q145,RESIDES_IN,Location
Q26549243,Q145,RESIDES_IN,Location
Q29489428,Q145,RESIDES_IN,Location
Q15176605,Q145,RESIDES_IN,Location
Q65770076,Q145,RESIDES_IN,Location
Q111256646,Q145,RESIDES_IN,Location
Q88973882,Q145,RESIDES_IN,Location
Q99592883,Q145,RESIDES_IN,Location
Q80476778,Q145,RESIDES_IN,Location
Q110216831,Q145,RESIDES_IN,Location
Q80857479,Q145,RESIDES_IN,Location
Q26461187,Q145,RESIDES_IN,Location
Q88917704,Q145,RESIDES_IN,Location
Q2524499,Q145,RESIDES_IN,Location
Q26527692,Q145,RESIDES_IN,Location
Q26295047,Q145,RESIDES_IN,Location
Q80578033,Q145,RESIDES_IN,Location
Q6348146,Q145,RESIDES_IN,Location
Q80855536,Q145,RESIDES_IN,Location
Q79684385,Q145,RESIDES_IN,Location
Q26607426,Q145,RESIDES_IN,Location
Q114389615,Q145,RESIDES_IN,Location
Q80857239,Q145,RESIDES_IN,Location
Q26386954,Q145,RESIDES_IN,Location
Q64868965,Q145,RESIDES_IN,Location
Q88915783,Q145,RESIDES_IN,Location
Q80578187,Q145,RESIDES_IN,Location
Q26565794,Q145,RESIDES_IN,Location
Q99592956,Q145,RESIDES_IN,Location
Q80584131,Q145,RESIDES_IN,Location
Q7232008,Q145,RESIDES_IN,Location
Q26513775,Q145,RESIDES_IN,Location
Q15278847,Q145,RESIDES_IN,Location
Q80857321,Q145,RESIDES_IN,Location
Q538747,Q145,RESIDES_IN,Location
Q112055045,Q145,RESIDES_IN,Location
Q86439515,Q145,RESIDES_IN,Location
Q80858554,Q145,RESIDES_IN,Location
Q7569543,Q145,RESIDES_IN,Location
Q79466060,Q145,RESIDES_IN,Location
Q26651373,Q145,RESIDES_IN,Location
Q5210797,Q145,RESIDES_IN,Location
Q26563614,Q145,RESIDES_IN,Location
Q29487681,Q145,RESIDES_IN,Location
Q80581428,Q145,RESIDES_IN,Location
Q80857859,Q145,RESIDES_IN,Location
Q79461673,Q145,RESIDES_IN,Location
Q26320522,Q145,RESIDES_IN,Location
Q62563772,Q145,RESIDES_IN,Location
Q26322071,Q145,RESIDES_IN,Location
Q6729225,Q145,RESIDES_IN,Location
Q26494570,Q145,RESIDES_IN,Location
Q4906222,Q145,RESIDES_IN,Location
Q26529664,Q145,RESIDES_IN,Location
Q88916786,Q145,RESIDES_IN,Location
Q26430734,Q145,RESIDES_IN,Location
Q26510642,Q145,RESIDES_IN,Location
Q26327187,Q145,RESIDES_IN,Location
Q80584329,Q145,RESIDES_IN,Location
Q26562503,Q145,RESIDES_IN,Location
Q26556869,Q145,RESIDES_IN,Location
Q26321680,Q145,RESIDES_IN,Location
Q80855545,Q145,RESIDES_IN,Location
Q80859657,Q145,RESIDES_IN,Location
Q99592672,Q145,RESIDES_IN,Location
Q80584996,Q145,RESIDES_IN,Location
Q79683793,Q145,RESIDES_IN,Location
Q5753373,Q145,RESIDES_IN,Location
Q45321140,Q145,RESIDES_IN,Location
Q79684693,Q145,RESIDES_IN,Location
Q80859658,Q145,RESIDES_IN,Location
Q99593011,Q145,RESIDES_IN,Location
Q80857101,Q145,RESIDES_IN,Location
Q80585311,Q145,RESIDES_IN,Location
Q80583339,Q145,RESIDES_IN,Location
Q80578376,Q145,RESIDES_IN,Location
Q80477308,Q145,RESIDES_IN,Location
Q99592190,Q145,RESIDES_IN,Location
Q61875603,Q145,RESIDES_IN,Location
Q80583090,Q145,RESIDES_IN,Location
Q88965882,Q145,RESIDES_IN,Location
Q79466039,Q145,RESIDES_IN,Location
Q113699150,Q145,RESIDES_IN,Location
Q80585134,Q145,RESIDES_IN,Location
Q26411874,Q145,RESIDES_IN,Location
Q99591885,Q145,RESIDES_IN,Location
Q15710123,Q145,RESIDES_IN,Location
Q89506071,Q145,RESIDES_IN,Location
Q80476262,Q145,RESIDES_IN,Location
Q14463124,Q145,RESIDES_IN,Location
Q16992229,Q145,RESIDES_IN,Location
Q80577950,Q145,RESIDES_IN,Location
Q17989125,Q145,RESIDES_IN,Location
Q88915755,Q145,RESIDES_IN,Location
Q5564162,Q145,RESIDES_IN,Location
Q6813316,Q145,RESIDES_IN,Location
Q79684757,Q145,RESIDES_IN,Location
Q26320299,Q145,RESIDES_IN,Location
Q26562675,Q145,RESIDES_IN,Location
Q99593256,Q145,RESIDES_IN,Location
Q80584822,Q145,RESIDES_IN,Location
Q99593190,Q145,RESIDES_IN,Location
Q17026595,Q145,RESIDES_IN,Location
Q80581837,Q145,RESIDES_IN,Location
Q7394933,Q145,RESIDES_IN,Location
Q80582090,Q145,RESIDES_IN,Location
Q61915756,Q145,RESIDES_IN,Location
Q568642,Q145,RESIDES_IN,Location
Q5602510,Q145,RESIDES_IN,Location
Q79684498,Q145,RESIDES_IN,Location
Q29498957,Q145,RESIDES_IN,Location
Q79684741,Q145,RESIDES_IN,Location
Q65598573,Q145,RESIDES_IN,Location
Q79683990,Q145,RESIDES_IN,Location
Q26616883,Q145,RESIDES_IN,Location
Q70628357,Q145,RESIDES_IN,Location
Q29485557,Q145,RESIDES_IN,Location
Q28026682,Q145,RESIDES_IN,Location
Q80858730,Q145,RESIDES_IN,Location
Q108577162,Q145,RESIDES_IN,Location
Q26655928,Q145,RESIDES_IN,Location
Q15732971,Q145,RESIDES_IN,Location
Q61863215,Q145,RESIDES_IN,Location
Q26448774,Q145,RESIDES_IN,Location
Q4131576,Q145,RESIDES_IN,Location
Q26494548,Q145,RESIDES_IN,Location
Q7120528,Q145,RESIDES_IN,Location
Q5509685,Q145,RESIDES_IN,Location
Q7962374,Q145,RESIDES_IN,Location
Q80585365,Q145,RESIDES_IN,Location
Q26563938,Q145,RESIDES_IN,Location
Q29485172,Q145,RESIDES_IN,Location
Q80477119,Q145,RESIDES_IN,Location
Q93856,Q145,RESIDES_IN,Location
Q26388410,Q145,RESIDES_IN,Location
Q99592374,Q145,RESIDES_IN,Location
Q20594569,Q145,RESIDES_IN,Location
Q154950,Q145,RESIDES_IN,Location
Q26656115,Q145,RESIDES_IN,Location
Q80857206,Q145,RESIDES_IN,Location
Q80583041,Q145,RESIDES_IN,Location
Q157974,Q145,RESIDES_IN,Location
Q88916126,Q145,RESIDES_IN,Location
Q26636228,Q145,RESIDES_IN,Location
Q16991557,Q145,RESIDES_IN,Location
Q7736175,Q145,RESIDES_IN,Location
Q4928707,Q145,RESIDES_IN,Location
Q26456725,Q145,RESIDES_IN,Location
Q79466131,Q145,RESIDES_IN,Location
Q26621509,Q145,RESIDES_IN,Location
Q216273,Q145,RESIDES_IN,Location
Q50374717,Q145,RESIDES_IN,Location
Q80476876,Q145,RESIDES_IN,Location
Q26609336,Q145,RESIDES_IN,Location
Q80855911,Q145,RESIDES_IN,Location
Q80857886,Q145,RESIDES_IN,Location
Q26515087,Q145,RESIDES_IN,Location
Q26321125,Q145,RESIDES_IN,Location
Q26447438,Q145,RESIDES_IN,Location
Q81047832,Q145,RESIDES_IN,Location
Q26667994,Q145,RESIDES_IN,Location
Q7492510,Q145,RESIDES_IN,Location
Q83558786,Q145,RESIDES_IN,Location
Q81048012,Q145,RESIDES_IN,Location
Q26488732,Q145,RESIDES_IN,Location
Q26507232,Q145,RESIDES_IN,Location
Q109805291,Q145,RESIDES_IN,Location
Q61100884,Q145,RESIDES_IN,Location
Q26546078,Q145,RESIDES_IN,Location
Q26607065,Q145,RESIDES_IN,Location
Q80583936,Q145,RESIDES_IN,Location
Q26519657,Q145,RESIDES_IN,Location
Q6877374,Q145,RESIDES_IN,Location
Q26664484,Q145,RESIDES_IN,Location
Q55605114,Q145,RESIDES_IN,Location
Q5757490,Q145,RESIDES_IN,Location
Q80584612,Q145,RESIDES_IN,Location
Q26629111,Q145,RESIDES_IN,Location
Q22080492,Q145,RESIDES_IN,Location
Q80585427,Q145,RESIDES_IN,Location
Q18708781,Q145,RESIDES_IN,Location
Q26525073,Q145,RESIDES_IN,Location
Q99592573,Q145,RESIDES_IN,Location
Q16953710,Q145,RESIDES_IN,Location
Q2749941,Q145,RESIDES_IN,Location
Q8565023,Q145,RESIDES_IN,Location
Q80855970,Q145,RESIDES_IN,Location
Q5449873,Q145,RESIDES_IN,Location
Q80858870,Q145,RESIDES_IN,Location
Q26559671,Q145,RESIDES_IN,Location
Q79683815,Q145,RESIDES_IN,Location
Q11331196,Q145,RESIDES_IN,Location
Q80858817,Q145,RESIDES_IN,Location
Q5297602,Q145,RESIDES_IN,Location
Q80856571,Q145,RESIDES_IN,Location
Q81047848,Q145,RESIDES_IN,Location
Q79684150,Q145,RESIDES_IN,Location
Q80582457,Q145,RESIDES_IN,Location
Q61875587,Q145,RESIDES_IN,Location
Q79684027,Q145,RESIDES_IN,Location
Q91099711,Q145,RESIDES_IN,Location
Q26354690,Q145,RESIDES_IN,Location
Q7019137,Q145,RESIDES_IN,Location
Q283790,Q145,RESIDES_IN,Location
Q80583833,Q145,RESIDES_IN,Location
Q11974287,Q145,RESIDES_IN,Location
Q5159842,Q145,RESIDES_IN,Location
Q99591746,Q145,RESIDES_IN,Location
Q80857446,Q145,RESIDES_IN,Location
Q26558602,Q145,RESIDES_IN,Location
Q80858528,Q145,RESIDES_IN,Location
Q6425762,Q145,RESIDES_IN,Location
Q130744,Q145,RESIDES_IN,Location
Q80476371,Q145,RESIDES_IN,Location
Q80585004,Q145,RESIDES_IN,Location
Q26571423,Q145,RESIDES_IN,Location
Q26397070,Q145,RESIDES_IN,Location
Q7057596,Q145,RESIDES_IN,Location
Q784001,Q145,RESIDES_IN,Location
Q80584826,Q145,RESIDES_IN,Location
Q79683938,Q145,RESIDES_IN,Location
Q79684579,Q145,RESIDES_IN,Location
Q7998455,Q145,RESIDES_IN,Location
Q80857071,Q145,RESIDES_IN,Location
Q26631638,Q145,RESIDES_IN,Location
Q17806177,Q145,RESIDES_IN,Location
Q80856436,Q145,RESIDES_IN,Location
Q6450054,Q145,RESIDES_IN,Location
Q80477324,Q145,RESIDES_IN,Location
Q26487143,Q145,RESIDES_IN,Location
Q26435095,Q145,RESIDES_IN,Location
Q26569478,Q145,RESIDES_IN,Location
Q26498188,Q145,RESIDES_IN,Location
Q18708789,Q145,RESIDES_IN,Location
Q80578056,Q145,RESIDES_IN,Location
Q16983721,Q145,RESIDES_IN,Location
Q17549871,Q145,RESIDES_IN,Location
Q80858872,Q145,RESIDES_IN,Location
Q26683019,Q145,RESIDES_IN,Location
Q99592005,Q145,RESIDES_IN,Location
Q503715,Q145,RESIDES_IN,Location
Q61923531,Q145,RESIDES_IN,Location
Q26560403,Q145,RESIDES_IN,Location
Q5443598,Q145,RESIDES_IN,Location
Q17361842,Q145,RESIDES_IN,Location
Q2585125,Q145,RESIDES_IN,Location
Q82310662,Q145,RESIDES_IN,Location
Q26506413,Q145,RESIDES_IN,Location
Q26493796,Q145,RESIDES_IN,Location
Q26546526,Q145,RESIDES_IN,Location
Q80581976,Q145,RESIDES_IN,Location
Q17828741,Q145,RESIDES_IN,Location
Q26317457,Q145,RESIDES_IN,Location
Q7774239,Q145,RESIDES_IN,Location
Q26538407,Q145,RESIDES_IN,Location
Q80856078,Q145,RESIDES_IN,Location
Q26526913,Q145,RESIDES_IN,Location
Q79684389,Q145,RESIDES_IN,Location
Q26381570,Q145,RESIDES_IN,Location
Q23891278,Q145,RESIDES_IN,Location
Q18162502,Q145,RESIDES_IN,Location
Q61875608,Q145,RESIDES_IN,Location
Q22908307,Q145,RESIDES_IN,Location
Q83558875,Q145,RESIDES_IN,Location
Q4957208,Q145,RESIDES_IN,Location
Q5367046,Q145,RESIDES_IN,Location
Q111514472,Q145,RESIDES_IN,Location
Q99591054,Q145,RESIDES_IN,Location
Q80584652,Q145,RESIDES_IN,Location
Q1428719,Q145,RESIDES_IN,Location
Q99592962,Q145,RESIDES_IN,Location
Q80856486,Q145,RESIDES_IN,Location
Q80476280,Q145,RESIDES_IN,Location
Q765389,Q145,RESIDES_IN,Location
Q80581626,Q145,RESIDES_IN,Location
Q3070672,Q145,RESIDES_IN,Location
Q99592689,Q145,RESIDES_IN,Location
Q80582335,Q145,RESIDES_IN,Location
Q26581020,Q145,RESIDES_IN,Location
Q29497459,Q145,RESIDES_IN,Location
Q80476845,Q145,RESIDES_IN,Location
Q37110257,Q145,RESIDES_IN,Location
Q80577993,Q145,RESIDES_IN,Location
Q80857041,Q145,RESIDES_IN,Location
Q80582963,Q145,RESIDES_IN,Location
Q88917087,Q145,RESIDES_IN,Location
Q17547587,Q145,RESIDES_IN,Location
Q7755399,Q145,RESIDES_IN,Location
Q1725456,Q145,RESIDES_IN,Location
Q88973855,Q145,RESIDES_IN,Location
Q26470348,Q145,RESIDES_IN,Location
Q26541232,Q145,RESIDES_IN,Location
Q16250947,Q145,RESIDES_IN,Location
Q16842299,Q145,RESIDES_IN,Location
Q79684145,Q145,RESIDES_IN,Location
Q815776,Q145,RESIDES_IN,Location
Q7395167,Q145,RESIDES_IN,Location
Q26296136,Q145,RESIDES_IN,Location
Q4976630,Q145,RESIDES_IN,Location
Q61866043,Q145,RESIDES_IN,Location
Q493854,Q145,RESIDES_IN,Location
Q26326350,Q145,RESIDES_IN,Location
Q88916108,Q145,RESIDES_IN,Location
Q7313261,Q145,RESIDES_IN,Location
Q56604954,Q145,RESIDES_IN,Location
Q18391336,Q145,RESIDES_IN,Location
Q80856169,Q145,RESIDES_IN,Location
Q80577893,Q145,RESIDES_IN,Location
Q4047302,Q145,RESIDES_IN,Location
Q79684721,Q145,RESIDES_IN,Location
Q26547994,Q145,RESIDES_IN,Location
Q88918688,Q145,RESIDES_IN,Location
Q26351419,Q145,RESIDES_IN,Location
Q24039799,Q145,RESIDES_IN,Location
Q130879,Q145,RESIDES_IN,Location
Q29495865,Q145,RESIDES_IN,Location
Q5476491,Q145,RESIDES_IN,Location
Q26393709,Q145,RESIDES_IN,Location
Q4920477,Q145,RESIDES_IN,Location
Q1223878,Q145,RESIDES_IN,Location
Q80583144,Q145,RESIDES_IN,Location
Q111729690,Q145,RESIDES_IN,Location
Q88917688,Q145,RESIDES_IN,Location
Q29491740,Q145,RESIDES_IN,Location
Q29490825,Q145,RESIDES_IN,Location
Q26398044,Q145,RESIDES_IN,Location
Q26652318,Q145,RESIDES_IN,Location
Q26594468,Q145,RESIDES_IN,Location
Q80858247,Q145,RESIDES_IN,Location
Q80582018,Q145,RESIDES_IN,Location
Q80855376,Q145,RESIDES_IN,Location
Q80476699,Q145,RESIDES_IN,Location
Q28405615,Q145,RESIDES_IN,Location
Q26660154,Q145,RESIDES_IN,Location
Q26553858,Q145,RESIDES_IN,Location
Q26425240,Q145,RESIDES_IN,Location
Q80857962,Q145,RESIDES_IN,Location
Q80856869,Q145,RESIDES_IN,Location
Q99591701,Q145,RESIDES_IN,Location
Q80855682,Q145,RESIDES_IN,Location
Q26342461,Q145,RESIDES_IN,Location
Q80859503,Q145,RESIDES_IN,Location
Q70628340,Q145,RESIDES_IN,Location
Q80476597,Q145,RESIDES_IN,Location
Q80476558,Q145,RESIDES_IN,Location
Q80476744,Q145,RESIDES_IN,Location
Q29482936,Q145,RESIDES_IN,Location
Q26315836,Q145,RESIDES_IN,Location
Q26321010,Q145,RESIDES_IN,Location
Q115200168,Q145,RESIDES_IN,Location
Q26558604,Q145,RESIDES_IN,Location
Q26428618,Q145,RESIDES_IN,Location
Q79684762,Q145,RESIDES_IN,Location
Q26682902,Q145,RESIDES_IN,Location
Q17020966,Q145,RESIDES_IN,Location
Q26478766,Q145,RESIDES_IN,Location
Q80857606,Q145,RESIDES_IN,Location
Q26435102,Q145,RESIDES_IN,Location
Q17742819,Q145,RESIDES_IN,Location
Q62060845,Q145,RESIDES_IN,Location
Q80476618,Q145,RESIDES_IN,Location
Q80582798,Q145,RESIDES_IN,Location
Q26315765,Q145,RESIDES_IN,Location
Q79684543,Q145,RESIDES_IN,Location
Q99593208,Q145,RESIDES_IN,Location
Q26510076,Q145,RESIDES_IN,Location
Q80858118,Q145,RESIDES_IN,Location
Q80855338,Q145,RESIDES_IN,Location
Q79684636,Q145,RESIDES_IN,Location
Q99592692,Q145,RESIDES_IN,Location
Q92559593,Q145,RESIDES_IN,Location
Q61890130,Q145,RESIDES_IN,Location
Q26469125,Q145,RESIDES_IN,Location
Q26575121,Q145,RESIDES_IN,Location
Q26349419,Q145,RESIDES_IN,Location
Q80476962,Q145,RESIDES_IN,Location
Q99591045,Q145,RESIDES_IN,Location
Q80583859,Q145,RESIDES_IN,Location
Q26656184,Q145,RESIDES_IN,Location
Q644144,Q145,RESIDES_IN,Location
Q16993490,Q145,RESIDES_IN,Location
Q80859515,Q145,RESIDES_IN,Location
Q9367445,Q145,RESIDES_IN,Location
Q48699762,Q145,RESIDES_IN,Location
Q61727605,Q145,RESIDES_IN,Location
Q61876276,Q145,RESIDES_IN,Location
Q26594210,Q145,RESIDES_IN,Location
Q24517772,Q145,RESIDES_IN,Location
Q80476761,Q145,RESIDES_IN,Location
Q80859678,Q145,RESIDES_IN,Location
Q80857776,Q145,RESIDES_IN,Location
Q17183802,Q145,RESIDES_IN,Location
Q80858110,Q145,RESIDES_IN,Location
Q56515957,Q145,RESIDES_IN,Location
Q7114241,Q145,RESIDES_IN,Location
Q88916137,Q145,RESIDES_IN,Location
Q2295406,Q145,RESIDES_IN,Location
Q98074734,Q145,RESIDES_IN,Location
Q79684414,Q145,RESIDES_IN,Location
Q6953815,Q145,RESIDES_IN,Location
Q80859367,Q145,RESIDES_IN,Location
Q4394936,Q145,RESIDES_IN,Location
Q80858310,Q145,RESIDES_IN,Location
Q16256099,Q145,RESIDES_IN,Location
Q79684080,Q145,RESIDES_IN,Location
Q43261592,Q145,RESIDES_IN,Location
Q83558643,Q145,RESIDES_IN,Location
Q80585478,Q145,RESIDES_IN,Location
Q80583469,Q145,RESIDES_IN,Location
Q80583392,Q145,RESIDES_IN,Location
Q7741165,Q145,RESIDES_IN,Location
Q4916556,Q145,RESIDES_IN,Location
Q4947547,Q145,RESIDES_IN,Location
Q99591714,Q145,RESIDES_IN,Location
Q111806237,Q145,RESIDES_IN,Location
Q88916053,Q145,RESIDES_IN,Location
Q79684261,Q145,RESIDES_IN,Location
Q26542252,Q145,RESIDES_IN,Location
Q80578026,Q145,RESIDES_IN,Location
Q79684012,Q145,RESIDES_IN,Location
Q80584231,Q145,RESIDES_IN,Location
Q26571996,Q145,RESIDES_IN,Location
Q6912573,Q145,RESIDES_IN,Location
Q99592341,Q145,RESIDES_IN,Location
Q4916749,Q145,RESIDES_IN,Location
Q52136141,Q145,RESIDES_IN,Location
Q80476823,Q145,RESIDES_IN,Location
Q16888989,Q145,RESIDES_IN,Location
Q26423937,Q145,RESIDES_IN,Location
Q26661643,Q145,RESIDES_IN,Location
Q88916806,Q145,RESIDES_IN,Location
Q1193145,Q145,RESIDES_IN,Location
Q88917053,Q145,RESIDES_IN,Location
Q42032478,Q145,RESIDES_IN,Location
Q26653343,Q145,RESIDES_IN,Location
Q80859304,Q145,RESIDES_IN,Location
Q80578377,Q145,RESIDES_IN,Location
Q26575582,Q145,RESIDES_IN,Location
Q99592980,Q145,RESIDES_IN,Location
Q26481587,Q145,RESIDES_IN,Location
Q99592581,Q145,RESIDES_IN,Location
Q80583307,Q145,RESIDES_IN,Location
Q80859294,Q145,RESIDES_IN,Location
Q26415153,Q145,RESIDES_IN,Location
Q100255652,Q145,RESIDES_IN,Location
Q80584203,Q145,RESIDES_IN,Location
Q7982011,Q145,RESIDES_IN,Location
Q28406126,Q145,RESIDES_IN,Location
Q6953368,Q145,RESIDES_IN,Location
Q26559674,Q145,RESIDES_IN,Location
Q88915785,Q145,RESIDES_IN,Location
Q26417183,Q145,RESIDES_IN,Location
Q26581778,Q145,RESIDES_IN,Location
Q80578193,Q145,RESIDES_IN,Location
Q19903669,Q145,RESIDES_IN,Location
Q80855582,Q145,RESIDES_IN,Location
Q80859555,Q145,RESIDES_IN,Location
Q182399,Q145,RESIDES_IN,Location
Q26441005,Q145,RESIDES_IN,Location
Q26593341,Q145,RESIDES_IN,Location
Q5738027,Q145,RESIDES_IN,Location
Q30641395,Q145,RESIDES_IN,Location
Q26638983,Q145,RESIDES_IN,Location
Q541451,Q145,RESIDES_IN,Location
Q99592220,Q145,RESIDES_IN,Location
Q80583638,Q145,RESIDES_IN,Location
Q7316085,Q145,RESIDES_IN,Location
Q29499525,Q145,RESIDES_IN,Location
Q80582864,Q145,RESIDES_IN,Location
Q99592739,Q145,RESIDES_IN,Location
Q26397623,Q145,RESIDES_IN,Location
Q26565020,Q145,RESIDES_IN,Location
Q61924003,Q145,RESIDES_IN,Location
Q26492067,Q145,RESIDES_IN,Location
Q30292667,Q145,RESIDES_IN,Location
Q26664318,Q145,RESIDES_IN,Location
Q81048000,Q145,RESIDES_IN,Location
Q7718272,Q145,RESIDES_IN,Location
Q4962678,Q145,RESIDES_IN,Location
Q88973924,Q145,RESIDES_IN,Location
Q26388988,Q145,RESIDES_IN,Location
Q26325256,Q145,RESIDES_IN,Location
Q99593044,Q145,RESIDES_IN,Location
Q29498970,Q145,RESIDES_IN,Location
Q15979215,Q145,RESIDES_IN,Location
Q80584318,Q145,RESIDES_IN,Location
Q80858336,Q145,RESIDES_IN,Location
Q99592158,Q145,RESIDES_IN,Location
Q88973927,Q145,RESIDES_IN,Location
Q70628507,Q145,RESIDES_IN,Location
Q7374416,Q145,RESIDES_IN,Location
Q1684445,Q145,RESIDES_IN,Location
Q21178588,Q145,RESIDES_IN,Location
Q80477172,Q145,RESIDES_IN,Location
Q26607337,Q145,RESIDES_IN,Location
Q97575593,Q145,RESIDES_IN,Location
Q26583220,Q145,RESIDES_IN,Location
Q80584552,Q145,RESIDES_IN,Location
Q26490749,Q145,RESIDES_IN,Location
Q506160,Q145,RESIDES_IN,Location
Q80856057,Q145,RESIDES_IN,Location
Q17538633,Q145,RESIDES_IN,Location
Q26498140,Q145,RESIDES_IN,Location
Q80585170,Q145,RESIDES_IN,Location
Q16927788,Q145,RESIDES_IN,Location
Q29053691,Q145,RESIDES_IN,Location
Q99593194,Q145,RESIDES_IN,Location
Q79684770,Q145,RESIDES_IN,Location
Q16992671,Q145,RESIDES_IN,Location
Q80584650,Q145,RESIDES_IN,Location
Q80577811,Q145,RESIDES_IN,Location
Q26459038,Q145,RESIDES_IN,Location
Q80477362,Q145,RESIDES_IN,Location
Q26644922,Q145,RESIDES_IN,Location
Q79466118,Q145,RESIDES_IN,Location
Q80585056,Q145,RESIDES_IN,Location
Q26422709,Q145,RESIDES_IN,Location
Q80581703,Q145,RESIDES_IN,Location
Q26643571,Q145,RESIDES_IN,Location
Q106944869,Q145,RESIDES_IN,Location
Q21008650,Q145,RESIDES_IN,Location
Q29493267,Q145,RESIDES_IN,Location
Q99593249,Q145,RESIDES_IN,Location
Q45316350,Q145,RESIDES_IN,Location
Q80584222,Q145,RESIDES_IN,Location
Q99593198,Q145,RESIDES_IN,Location
Q26295501,Q145,RESIDES_IN,Location
Q80859770,Q145,RESIDES_IN,Location
Q26673508,Q145,RESIDES_IN,Location
Q99592978,Q145,RESIDES_IN,Location
Q49772307,Q145,RESIDES_IN,Location
Q80855110,Q145,RESIDES_IN,Location
Q3179178,Q145,RESIDES_IN,Location
Q80581655,Q145,RESIDES_IN,Location
Q26572692,Q145,RESIDES_IN,Location
Q26619832,Q145,RESIDES_IN,Location
Q29481699,Q145,RESIDES_IN,Location
Q80476368,Q145,RESIDES_IN,Location
Q80582252,Q145,RESIDES_IN,Location
Q81047905,Q145,RESIDES_IN,Location
Q79684540,Q145,RESIDES_IN,Location
Q99591894,Q145,RESIDES_IN,Location
Q1781081,Q145,RESIDES_IN,Location
Q18391914,Q145,RESIDES_IN,Location
Q80582052,Q145,RESIDES_IN,Location
Q26666392,Q145,RESIDES_IN,Location
Q80583582,Q145,RESIDES_IN,Location
Q1534597,Q145,RESIDES_IN,Location
Q7981848,Q145,RESIDES_IN,Location
Q26667142,Q145,RESIDES_IN,Location
Q7807560,Q145,RESIDES_IN,Location
Q26526074,Q145,RESIDES_IN,Location
Q80584066,Q145,RESIDES_IN,Location
Q80581726,Q145,RESIDES_IN,Location
Q80582314,Q145,RESIDES_IN,Location
Q80581716,Q145,RESIDES_IN,Location
Q99593088,Q145,RESIDES_IN,Location
Q80855520,Q145,RESIDES_IN,Location
Q80584417,Q145,RESIDES_IN,Location
Q26530020,Q145,RESIDES_IN,Location
Q26542475,Q145,RESIDES_IN,Location
Q79683853,Q145,RESIDES_IN,Location
Q30780845,Q145,RESIDES_IN,Location
Q80583390,Q145,RESIDES_IN,Location
Q26502000,Q145,RESIDES_IN,Location
Q18917798,Q145,RESIDES_IN,Location
Q26320845,Q145,RESIDES_IN,Location
Q26392912,Q145,RESIDES_IN,Location
Q6463096,Q145,RESIDES_IN,Location
Q80578100,Q145,RESIDES_IN,Location
Q65091280,Q145,RESIDES_IN,Location
Q80856545,Q145,RESIDES_IN,Location
Q106149869,Q145,RESIDES_IN,Location
Q26519828,Q145,RESIDES_IN,Location
Q110572331,Q145,RESIDES_IN,Location
Q26308740,Q145,RESIDES_IN,Location
Q80583588,Q145,RESIDES_IN,Location
Q26607974,Q145,RESIDES_IN,Location
Q80859776,Q145,RESIDES_IN,Location
Q80577965,Q145,RESIDES_IN,Location
Q80581584,Q145,RESIDES_IN,Location
Q26534935,Q145,RESIDES_IN,Location
Q26597618,Q145,RESIDES_IN,Location
Q80857967,Q145,RESIDES_IN,Location
Q29506995,Q145,RESIDES_IN,Location
Q1278337,Q145,RESIDES_IN,Location
Q80856320,Q145,RESIDES_IN,Location
Q26546033,Q145,RESIDES_IN,Location
Q80583562,Q145,RESIDES_IN,Location
Q5213855,Q145,RESIDES_IN,Location
Q16993679,Q145,RESIDES_IN,Location
Q7767106,Q145,RESIDES_IN,Location
Q26653338,Q145,RESIDES_IN,Location
Q17741446,Q145,RESIDES_IN,Location
Q98210939,Q145,RESIDES_IN,Location
Q80582004,Q145,RESIDES_IN,Location
Q1571030,Q145,RESIDES_IN,Location
Q29484495,Q145,RESIDES_IN,Location
Q15978918,Q145,RESIDES_IN,Location
Q83559694,Q145,RESIDES_IN,Location
Q7696216,Q145,RESIDES_IN,Location
Q99593218,Q145,RESIDES_IN,Location
Q74433811,Q145,RESIDES_IN,Location
Q80583797,Q145,RESIDES_IN,Location
Q7835466,Q145,RESIDES_IN,Location
Q88916783,Q145,RESIDES_IN,Location
Q80581510,Q145,RESIDES_IN,Location
Q26507078,Q145,RESIDES_IN,Location
Q26515188,Q145,RESIDES_IN,Location
Q80584875,Q145,RESIDES_IN,Location
Q26509010,Q145,RESIDES_IN,Location
Q80857208,Q145,RESIDES_IN,Location
Q26569939,Q145,RESIDES_IN,Location
Q80583476,Q145,RESIDES_IN,Location
Q80857768,Q145,RESIDES_IN,Location
Q26661180,Q145,RESIDES_IN,Location
Q26579649,Q145,RESIDES_IN,Location
Q26499587,Q145,RESIDES_IN,Location
Q26664188,Q145,RESIDES_IN,Location
Q29568422,Q145,RESIDES_IN,Location
Q16984014,Q145,RESIDES_IN,Location
Q29505528,Q145,RESIDES_IN,Location
Q26528791,Q145,RESIDES_IN,Location
Q30668091,Q145,RESIDES_IN,Location
Q80857509,Q145,RESIDES_IN,Location
Q26415609,Q145,RESIDES_IN,Location
Q26459879,Q145,RESIDES_IN,Location
Q26415632,Q145,RESIDES_IN,Location
Q80583526,Q145,RESIDES_IN,Location
Q26384203,Q145,RESIDES_IN,Location
Q80584565,Q145,RESIDES_IN,Location
Q99593008,Q145,RESIDES_IN,Location
Q80476307,Q145,RESIDES_IN,Location
Q80855343,Q145,RESIDES_IN,Location
Q26412765,Q145,RESIDES_IN,Location
Q19604597,Q145,RESIDES_IN,Location
Q99593261,Q145,RESIDES_IN,Location
Q4956054,Q145,RESIDES_IN,Location
Q79466033,Q145,RESIDES_IN,Location
Q80857426,Q145,RESIDES_IN,Location
Q2390965,Q145,RESIDES_IN,Location
Q6860223,Q145,RESIDES_IN,Location
Q50413661,Q145,RESIDES_IN,Location
Q80859333,Q145,RESIDES_IN,Location
Q29948012,Q145,RESIDES_IN,Location
Q80582535,Q145,RESIDES_IN,Location
Q26324265,Q145,RESIDES_IN,Location
Q80857408,Q145,RESIDES_IN,Location
Q88915757,Q145,RESIDES_IN,Location
Q18379002,Q145,RESIDES_IN,Location
Q2484080,Q145,RESIDES_IN,Location
Q16997207,Q145,RESIDES_IN,Location
Q80583648,Q145,RESIDES_IN,Location
Q4971114,Q145,RESIDES_IN,Location
Q61861796,Q145,RESIDES_IN,Location
Q19515735,Q145,RESIDES_IN,Location
Q61915881,Q145,RESIDES_IN,Location
Q17557082,Q145,RESIDES_IN,Location
Q99592710,Q145,RESIDES_IN,Location
Q80578255,Q145,RESIDES_IN,Location
Q99592839,Q145,RESIDES_IN,Location
Q80859335,Q145,RESIDES_IN,Location
Q14955163,Q145,RESIDES_IN,Location
Q26464990,Q145,RESIDES_IN,Location
Q80857077,Q145,RESIDES_IN,Location
Q29715620,Q145,RESIDES_IN,Location
Q26405412,Q145,RESIDES_IN,Location
Q26318148,Q145,RESIDES_IN,Location
Q26570372,Q145,RESIDES_IN,Location
Q61865326,Q145,RESIDES_IN,Location
Q471958,Q145,RESIDES_IN,Location
Q26643831,Q145,RESIDES_IN,Location
Q80476616,Q145,RESIDES_IN,Location
Q79684653,Q145,RESIDES_IN,Location
Q98070139,Q145,RESIDES_IN,Location
Q79684283,Q145,RESIDES_IN,Location
Q26384499,Q145,RESIDES_IN,Location
Q80581957,Q145,RESIDES_IN,Location
Q79461623,Q145,RESIDES_IN,Location
Q79684444,Q145,RESIDES_IN,Location
Q26581806,Q145,RESIDES_IN,Location
Q80584941,Q145,RESIDES_IN,Location
Q99593246,Q145,RESIDES_IN,Location
Q26360264,Q145,RESIDES_IN,Location
Q3087263,Q145,RESIDES_IN,Location
Q80857578,Q145,RESIDES_IN,Location
Q80583739,Q145,RESIDES_IN,Location
Q83558719,Q145,RESIDES_IN,Location
Q26569009,Q145,RESIDES_IN,Location
Q23305207,Q145,RESIDES_IN,Location
Q29483444,Q145,RESIDES_IN,Location
Q80856289,Q145,RESIDES_IN,Location
Q26628786,Q145,RESIDES_IN,Location
Q80856256,Q145,RESIDES_IN,Location
Q3609073,Q145,RESIDES_IN,Location
Q39056605,Q145,RESIDES_IN,Location
Q26500966,Q145,RESIDES_IN,Location
Q59491261,Q145,RESIDES_IN,Location
Q852900,Q145,RESIDES_IN,Location
Q26408346,Q145,RESIDES_IN,Location
Q5570585,Q145,RESIDES_IN,Location
Q1324712,Q145,RESIDES_IN,Location
Q99592822,Q145,RESIDES_IN,Location
Q79683997,Q145,RESIDES_IN,Location
Q81047908,Q145,RESIDES_IN,Location
Q4906298,Q145,RESIDES_IN,Location
Q80856183,Q145,RESIDES_IN,Location
Q26622550,Q145,RESIDES_IN,Location
Q108909041,Q145,RESIDES_IN,Location
Q26462604,Q145,RESIDES_IN,Location
Q75721557,Q145,RESIDES_IN,Location
Q29482528,Q145,RESIDES_IN,Location
Q26647406,Q145,RESIDES_IN,Location
Q88917710,Q145,RESIDES_IN,Location
Q26540828,Q145,RESIDES_IN,Location
Q3985843,Q145,RESIDES_IN,Location
Q7447600,Q145,RESIDES_IN,Location
Q80581870,Q145,RESIDES_IN,Location
Q80859060,Q145,RESIDES_IN,Location
Q105887796,Q145,RESIDES_IN,Location
Q852650,Q145,RESIDES_IN,Location
Q80477244,Q145,RESIDES_IN,Location
Q20054057,Q145,RESIDES_IN,Location
Q642707,Q145,RESIDES_IN,Location
Q26397206,Q145,RESIDES_IN,Location
Q80584357,Q145,RESIDES_IN,Location
Q80582057,Q145,RESIDES_IN,Location
Q80583572,Q145,RESIDES_IN,Location
Q26312150,Q145,RESIDES_IN,Location
Q26298517,Q145,RESIDES_IN,Location
Q5646350,Q145,RESIDES_IN,Location
Q12061509,Q145,RESIDES_IN,Location
Q26304197,Q145,RESIDES_IN,Location
Q99592067,Q145,RESIDES_IN,Location
Q64596164,Q145,RESIDES_IN,Location
Q26462295,Q145,RESIDES_IN,Location
Q80584372,Q145,RESIDES_IN,Location
Q80859213,Q145,RESIDES_IN,Location
Q26541414,Q145,RESIDES_IN,Location
Q982676,Q145,RESIDES_IN,Location
Q19871679,Q145,RESIDES_IN,Location
Q29486920,Q145,RESIDES_IN,Location
Q79684062,Q145,RESIDES_IN,Location
Q26443045,Q145,RESIDES_IN,Location
Q80856294,Q145,RESIDES_IN,Location
Q80859689,Q145,RESIDES_IN,Location
Q80859337,Q145,RESIDES_IN,Location
Q80856638,Q145,RESIDES_IN,Location
Q7714669,Q145,RESIDES_IN,Location
Q18712983,Q145,RESIDES_IN,Location
Q80856408,Q145,RESIDES_IN,Location
Q1028334,Q145,RESIDES_IN,Location
Q29487005,Q145,RESIDES_IN,Location
Q80583535,Q145,RESIDES_IN,Location
Q26651398,Q145,RESIDES_IN,Location
Q502268,Q145,RESIDES_IN,Location
Q26674912,Q145,RESIDES_IN,Location
Q99592530,Q145,RESIDES_IN,Location
Q81048015,Q145,RESIDES_IN,Location
Q26407046,Q145,RESIDES_IN,Location
Q7063709,Q145,RESIDES_IN,Location
Q4876447,Q145,RESIDES_IN,Location
Q16835850,Q145,RESIDES_IN,Location
Q30268714,Q145,RESIDES_IN,Location
Q7553556,Q145,RESIDES_IN,Location
Q26560664,Q145,RESIDES_IN,Location
Q105443141,Q145,RESIDES_IN,Location
Q80582898,Q145,RESIDES_IN,Location
Q80857844,Q145,RESIDES_IN,Location
Q80856046,Q145,RESIDES_IN,Location
Q71409297,Q145,RESIDES_IN,Location
Q80584922,Q145,RESIDES_IN,Location
Q65930663,Q145,RESIDES_IN,Location
Q99593105,Q145,RESIDES_IN,Location
Q26383911,Q145,RESIDES_IN,Location
Q111104103,Q145,RESIDES_IN,Location
Q50611971,Q145,RESIDES_IN,Location
Q26666315,Q145,RESIDES_IN,Location
Q26648608,Q145,RESIDES_IN,Location
Q57236693,Q145,RESIDES_IN,Location
Q80476606,Q145,RESIDES_IN,Location
Q26668442,Q145,RESIDES_IN,Location
Q7592564,Q145,RESIDES_IN,Location
Q26327658,Q145,RESIDES_IN,Location
Q83559710,Q145,RESIDES_IN,Location
Q16953340,Q145,RESIDES_IN,Location
Q26516227,Q145,RESIDES_IN,Location
Q2413375,Q145,RESIDES_IN,Location
Q4821945,Q145,RESIDES_IN,Location
Q26657507,Q145,RESIDES_IN,Location
Q20713664,Q145,RESIDES_IN,Location
Q80577982,Q145,RESIDES_IN,Location
Q61890126,Q145,RESIDES_IN,Location
Q26383781,Q145,RESIDES_IN,Location
Q17300024,Q145,RESIDES_IN,Location
Q80584056,Q145,RESIDES_IN,Location
Q26297182,Q145,RESIDES_IN,Location
Q26283192,Q145,RESIDES_IN,Location
Q29482309,Q145,RESIDES_IN,Location
Q26479485,Q145,RESIDES_IN,Location
Q7084824,Q145,RESIDES_IN,Location
Q81066918,Q145,RESIDES_IN,Location
Q26461617,Q145,RESIDES_IN,Location
Q26386171,Q145,RESIDES_IN,Location
Q23461796,Q145,RESIDES_IN,Location
Q17539229,Q145,RESIDES_IN,Location
Q80858256,Q145,RESIDES_IN,Location
Q80859161,Q145,RESIDES_IN,Location
Q61866029,Q145,RESIDES_IN,Location
Q80582353,Q145,RESIDES_IN,Location
Q782697,Q145,RESIDES_IN,Location
Q4882628,Q145,RESIDES_IN,Location
Q88967173,Q145,RESIDES_IN,Location
Q80583718,Q145,RESIDES_IN,Location
Q79683842,Q145,RESIDES_IN,Location
Q80858131,Q145,RESIDES_IN,Location
Q26299971,Q145,RESIDES_IN,Location
Q86534930,Q145,RESIDES_IN,Location
Q80476743,Q145,RESIDES_IN,Location
Q42851511,Q145,RESIDES_IN,Location
Q88916758,Q145,RESIDES_IN,Location
Q80584190,Q145,RESIDES_IN,Location
Q80857405,Q145,RESIDES_IN,Location
Q27087260,Q145,RESIDES_IN,Location
Q17361864,Q145,RESIDES_IN,Location
Q26553191,Q145,RESIDES_IN,Location
Q80856615,Q145,RESIDES_IN,Location
Q7552124,Q145,RESIDES_IN,Location
Q88917390,Q145,RESIDES_IN,Location
Q13218788,Q145,RESIDES_IN,Location
Q70628462,Q145,RESIDES_IN,Location
Q80476442,Q145,RESIDES_IN,Location
Q26527590,Q145,RESIDES_IN,Location
Q80582922,Q145,RESIDES_IN,Location
Q26641550,Q145,RESIDES_IN,Location
Q88917062,Q145,RESIDES_IN,Location
Q26468750,Q145,RESIDES_IN,Location
Q17557521,Q145,RESIDES_IN,Location
Q80855857,Q145,RESIDES_IN,Location
Q16998837,Q145,RESIDES_IN,Location
Q83558892,Q145,RESIDES_IN,Location
Q80584587,Q145,RESIDES_IN,Location
Q80584473,Q145,RESIDES_IN,Location
Q7828019,Q145,RESIDES_IN,Location
Q65923872,Q145,RESIDES_IN,Location
Q80857360,Q145,RESIDES_IN,Location
Q26470204,Q145,RESIDES_IN,Location
Q5382926,Q145,RESIDES_IN,Location
Q26499536,Q145,RESIDES_IN,Location
Q80858351,Q145,RESIDES_IN,Location
Q80581431,Q145,RESIDES_IN,Location
Q80856260,Q145,RESIDES_IN,Location
Q80582193,Q145,RESIDES_IN,Location
Q26501447,Q145,RESIDES_IN,Location
Q61904734,Q145,RESIDES_IN,Location
Q80584573,Q145,RESIDES_IN,Location
Q81047811,Q145,RESIDES_IN,Location
Q80582582,Q145,RESIDES_IN,Location
Q29485931,Q145,RESIDES_IN,Location
Q83558889,Q145,RESIDES_IN,Location
Q79684497,Q145,RESIDES_IN,Location
Q107014436,Q145,RESIDES_IN,Location
Q26510153,Q145,RESIDES_IN,Location
Q26620822,Q145,RESIDES_IN,Location
Q80856038,Q145,RESIDES_IN,Location
Q17548990,Q145,RESIDES_IN,Location
Q79683745,Q145,RESIDES_IN,Location
Q16890251,Q145,RESIDES_IN,Location
Q27083453,Q145,RESIDES_IN,Location
Q88916357,Q145,RESIDES_IN,Location
Q5035441,Q145,RESIDES_IN,Location
Q26505742,Q145,RESIDES_IN,Location
Q26279364,Q145,RESIDES_IN,Location
Q80477355,Q145,RESIDES_IN,Location
Q29493632,Q145,RESIDES_IN,Location
Q106301190,Q145,RESIDES_IN,Location
Q26538454,Q145,RESIDES_IN,Location
Q61875602,Q145,RESIDES_IN,Location
Q80859375,Q145,RESIDES_IN,Location
Q80476468,Q145,RESIDES_IN,Location
Q80859473,Q145,RESIDES_IN,Location
Q7115677,Q145,RESIDES_IN,Location
Q26292901,Q145,RESIDES_IN,Location
Q21008633,Q145,RESIDES_IN,Location
Q167016,Q145,RESIDES_IN,Location
Q29502979,Q145,RESIDES_IN,Location
Q80856264,Q145,RESIDES_IN,Location
Q7363195,Q145,RESIDES_IN,Location
Q80584349,Q145,RESIDES_IN,Location
Q39056416,Q145,RESIDES_IN,Location
Q26294511,Q145,RESIDES_IN,Location
Q26604220,Q145,RESIDES_IN,Location
Q80581848,Q145,RESIDES_IN,Location
Q26416633,Q145,RESIDES_IN,Location
Q80477032,Q145,RESIDES_IN,Location
Q28940614,Q145,RESIDES_IN,Location
Q26634137,Q145,RESIDES_IN,Location
Q26397038,Q145,RESIDES_IN,Location
Q80857084,Q145,RESIDES_IN,Location
Q80584233,Q145,RESIDES_IN,Location
Q29507698,Q145,RESIDES_IN,Location
Q80583028,Q145,RESIDES_IN,Location
Q80584456,Q145,RESIDES_IN,Location
Q80857813,Q145,RESIDES_IN,Location
Q88916472,Q145,RESIDES_IN,Location
Q80858926,Q145,RESIDES_IN,Location
Q85802329,Q145,RESIDES_IN,Location
Q5204927,Q145,RESIDES_IN,Location
Q18748737,Q145,RESIDES_IN,Location
Q88916809,Q145,RESIDES_IN,Location
Q1088453,Q145,RESIDES_IN,Location
Q65043997,Q145,RESIDES_IN,Location
Q26444101,Q145,RESIDES_IN,Location
Q26666586,Q145,RESIDES_IN,Location
Q56857508,Q145,RESIDES_IN,Location
Q61923991,Q145,RESIDES_IN,Location
Q26412838,Q145,RESIDES_IN,Location
Q26405487,Q145,RESIDES_IN,Location
Q80584659,Q145,RESIDES_IN,Location
Q80582608,Q145,RESIDES_IN,Location
Q17040894,Q145,RESIDES_IN,Location
Q56274010,Q145,RESIDES_IN,Location
Q18160039,Q145,RESIDES_IN,Location
Q108495672,Q145,RESIDES_IN,Location
Q23646439,Q145,RESIDES_IN,Location
Q26291491,Q145,RESIDES_IN,Location
Q88915763,Q145,RESIDES_IN,Location
Q26292847,Q145,RESIDES_IN,Location
Q26510399,Q145,RESIDES_IN,Location
Q16966028,Q145,RESIDES_IN,Location
Q21684394,Q145,RESIDES_IN,Location
Q5750416,Q145,RESIDES_IN,Location
Q26576617,Q145,RESIDES_IN,Location
Q26439836,Q145,RESIDES_IN,Location
Q26408556,Q145,RESIDES_IN,Location
Q721810,Q145,RESIDES_IN,Location
Q92546748,Q145,RESIDES_IN,Location
Q56181263,Q145,RESIDES_IN,Location
Q4825974,Q145,RESIDES_IN,Location
Q26625558,Q145,RESIDES_IN,Location
Q16995255,Q145,RESIDES_IN,Location
Q70628467,Q145,RESIDES_IN,Location
Q80857713,Q145,RESIDES_IN,Location
Q171337,Q145,RESIDES_IN,Location
Q7416148,Q145,RESIDES_IN,Location
Q80585340,Q145,RESIDES_IN,Location
Q70628132,Q145,RESIDES_IN,Location
Q88917384,Q145,RESIDES_IN,Location
Q29481479,Q145,RESIDES_IN,Location
Q26272287,Q145,RESIDES_IN,Location
Q88916144,Q145,RESIDES_IN,Location
Q1329485,Q145,RESIDES_IN,Location
Q88916474,Q145,RESIDES_IN,Location
Q114244613,Q145,RESIDES_IN,Location
Q56154707,Q145,RESIDES_IN,Location
Q30292805,Q145,RESIDES_IN,Location
Q17555056,Q145,RESIDES_IN,Location
Q26385911,Q145,RESIDES_IN,Location
Q80582489,Q145,RESIDES_IN,Location
Q61923976,Q145,RESIDES_IN,Location
Q79684487,Q145,RESIDES_IN,Location
Q99592846,Q145,RESIDES_IN,Location
Q66330583,Q145,RESIDES_IN,Location
Q80857983,Q145,RESIDES_IN,Location
Q80859058,Q145,RESIDES_IN,Location
Q26498210,Q145,RESIDES_IN,Location
Q80582105,Q145,RESIDES_IN,Location
Q19903788,Q145,RESIDES_IN,Location
Q79684466,Q145,RESIDES_IN,Location
Q26650360,Q145,RESIDES_IN,Location
Q30254131,Q145,RESIDES_IN,Location
Q88917686,Q145,RESIDES_IN,Location
Q99593058,Q145,RESIDES_IN,Location
Q41419798,Q145,RESIDES_IN,Location
Q102397876,Q145,RESIDES_IN,Location
Q931628,Q145,RESIDES_IN,Location
Q5096233,Q145,RESIDES_IN,Location
Q80582718,Q145,RESIDES_IN,Location
Q29483402,Q145,RESIDES_IN,Location
Q26593875,Q145,RESIDES_IN,Location
Q57783681,Q145,RESIDES_IN,Location
Q26323431,Q145,RESIDES_IN,Location
Q80856172,Q145,RESIDES_IN,Location
Q80582918,Q145,RESIDES_IN,Location
Q26557193,Q145,RESIDES_IN,Location
Q80583403,Q145,RESIDES_IN,Location
Q29491121,Q145,RESIDES_IN,Location
Q20746234,Q145,RESIDES_IN,Location
Q7455079,Q145,RESIDES_IN,Location
Q16707726,Q145,RESIDES_IN,Location
Q79684016,Q145,RESIDES_IN,Location
Q98222554,Q145,RESIDES_IN,Location
Q99593082,Q145,RESIDES_IN,Location
Q6711808,Q145,RESIDES_IN,Location
Q26544293,Q145,RESIDES_IN,Location
Q26469891,Q145,RESIDES_IN,Location
Q80477230,Q145,RESIDES_IN,Location
Q99592547,Q145,RESIDES_IN,Location
Q99592686,Q145,RESIDES_IN,Location
Q80583033,Q145,RESIDES_IN,Location
Q99591738,Q145,RESIDES_IN,Location
Q6705988,Q145,RESIDES_IN,Location
Q80584428,Q145,RESIDES_IN,Location
Q26410346,Q145,RESIDES_IN,Location
Q80859299,Q145,RESIDES_IN,Location
Q26673846,Q145,RESIDES_IN,Location
Q26405106,Q145,RESIDES_IN,Location
Q4732723,Q145,RESIDES_IN,Location
Q2371991,Q145,RESIDES_IN,Location
Q80858088,Q145,RESIDES_IN,Location
Q99939079,Q145,RESIDES_IN,Location
Q80583379,Q145,RESIDES_IN,Location
Q75119155,Q145,RESIDES_IN,Location
Q26433469,Q145,RESIDES_IN,Location
Q5326080,Q145,RESIDES_IN,Location
Q88973930,Q145,RESIDES_IN,Location
Q29481609,Q145,RESIDES_IN,Location
Q85761139,Q145,RESIDES_IN,Location
Q79684045,Q145,RESIDES_IN,Location
Q543707,Q145,RESIDES_IN,Location
Q26387152,Q145,RESIDES_IN,Location
Q28195267,Q145,RESIDES_IN,Location
Q26542959,Q145,RESIDES_IN,Location
Q100268798,Q145,RESIDES_IN,Location
Q29482937,Q145,RESIDES_IN,Location
Q26556874,Q145,RESIDES_IN,Location
Q99592352,Q145,RESIDES_IN,Location
Q79684221,Q145,RESIDES_IN,Location
Q29484371,Q145,RESIDES_IN,Location
Q26598769,Q145,RESIDES_IN,Location
Q79683799,Q145,RESIDES_IN,Location
Q80476496,Q145,RESIDES_IN,Location
Q26656108,Q145,RESIDES_IN,Location
Q26651411,Q145,RESIDES_IN,Location
Q68442095,Q145,RESIDES_IN,Location
Q26596244,Q145,RESIDES_IN,Location
Q70250954,Q145,RESIDES_IN,Location
Q114852232,Q145,RESIDES_IN,Location
Q79684393,Q145,RESIDES_IN,Location
Q80476431,Q145,RESIDES_IN,Location
Q26578319,Q145,RESIDES_IN,Location
Q26321614,Q145,RESIDES_IN,Location
Q26327916,Q145,RESIDES_IN,Location
Q26405257,Q145,RESIDES_IN,Location
Q739416,Q145,RESIDES_IN,Location
Q26313505,Q145,RESIDES_IN,Location
Q1470929,Q145,RESIDES_IN,Location
Q26512414,Q145,RESIDES_IN,Location
Q26375471,Q145,RESIDES_IN,Location
Q61876267,Q145,RESIDES_IN,Location
Q80856776,Q145,RESIDES_IN,Location
Q81047824,Q145,RESIDES_IN,Location
Q5018052,Q145,RESIDES_IN,Location
Q15266134,Q145,RESIDES_IN,Location
Q80476872,Q145,RESIDES_IN,Location
Q16998686,Q145,RESIDES_IN,Location
Q80582860,Q145,RESIDES_IN,Location
Q80583456,Q145,RESIDES_IN,Location
Q5050147,Q145,RESIDES_IN,Location
Q26362870,Q145,RESIDES_IN,Location
Q97726156,Q145,RESIDES_IN,Location
Q7115234,Q145,RESIDES_IN,Location
Q1668090,Q145,RESIDES_IN,Location
Q80857235,Q145,RESIDES_IN,Location
Q26373839,Q145,RESIDES_IN,Location
Q106233887,Q145,RESIDES_IN,Location
Q80582094,Q145,RESIDES_IN,Location
Q80584007,Q145,RESIDES_IN,Location
Q26354951,Q145,RESIDES_IN,Location
Q26387106,Q145,RESIDES_IN,Location
Q80856239,Q145,RESIDES_IN,Location
Q27977663,Q145,RESIDES_IN,Location
Q26449771,Q145,RESIDES_IN,Location
Q5643254,Q145,RESIDES_IN,Location
Q26578281,Q145,RESIDES_IN,Location
Q80584279,Q145,RESIDES_IN,Location
Q7822843,Q145,RESIDES_IN,Location
Q80585075,Q145,RESIDES_IN,Location
Q99592981,Q145,RESIDES_IN,Location
Q80585305,Q145,RESIDES_IN,Location
Q26661726,Q145,RESIDES_IN,Location
Q80583975,Q145,RESIDES_IN,Location
Q80578014,Q145,RESIDES_IN,Location
Q106335366,Q145,RESIDES_IN,Location
Q80858288,Q145,RESIDES_IN,Location
Q26317614,Q145,RESIDES_IN,Location
Q80583194,Q145,RESIDES_IN,Location
Q80857036,Q145,RESIDES_IN,Location
Q26519551,Q145,RESIDES_IN,Location
Q99591860,Q145,RESIDES_IN,Location
Q26516816,Q145,RESIDES_IN,Location
Q26383030,Q145,RESIDES_IN,Location
Q80581943,Q145,RESIDES_IN,Location
Q26590284,Q145,RESIDES_IN,Location
Q99593166,Q145,RESIDES_IN,Location
Q80578364,Q145,RESIDES_IN,Location
Q61915879,Q145,RESIDES_IN,Location
Q7437637,Q145,RESIDES_IN,Location
Q7316687,Q145,RESIDES_IN,Location
Q85812515,Q145,RESIDES_IN,Location
Q17001243,Q145,RESIDES_IN,Location
Q7335015,Q145,RESIDES_IN,Location
Q99593183,Q145,RESIDES_IN,Location
Q26482732,Q145,RESIDES_IN,Location
Q2928110,Q145,RESIDES_IN,Location
Q192632,Q145,RESIDES_IN,Location
Q26631821,Q145,RESIDES_IN,Location
Q26424963,Q145,RESIDES_IN,Location
Q88917330,Q145,RESIDES_IN,Location
Q79684084,Q145,RESIDES_IN,Location
Q26459976,Q145,RESIDES_IN,Location
Q80855712,Q145,RESIDES_IN,Location
Q13575365,Q145,RESIDES_IN,Location
Q16986257,Q145,RESIDES_IN,Location
Q88917025,Q145,RESIDES_IN,Location
Q26295001,Q145,RESIDES_IN,Location
Q80581500,Q145,RESIDES_IN,Location
Q80855011,Q145,RESIDES_IN,Location
Q99592180,Q145,RESIDES_IN,Location
Q26549155,Q145,RESIDES_IN,Location
Q98074829,Q145,RESIDES_IN,Location
Q7926561,Q145,RESIDES_IN,Location
Q80858921,Q145,RESIDES_IN,Location
Q83558652,Q145,RESIDES_IN,Location
Q81047861,Q145,RESIDES_IN,Location
Q7763460,Q145,RESIDES_IN,Location
Q80859185,Q145,RESIDES_IN,Location
Q80476357,Q145,RESIDES_IN,Location
Q26656242,Q145,RESIDES_IN,Location
Q99591728,Q145,RESIDES_IN,Location
Q99593171,Q145,RESIDES_IN,Location
Q26486871,Q145,RESIDES_IN,Location
Q88916724,Q145,RESIDES_IN,Location
Q79684256,Q145,RESIDES_IN,Location
Q80583661,Q145,RESIDES_IN,Location
Q26460029,Q145,RESIDES_IN,Location
Q26532603,Q145,RESIDES_IN,Location
Q7394868,Q145,RESIDES_IN,Location
Q26405086,Q145,RESIDES_IN,Location
Q80578156,Q145,RESIDES_IN,Location
Q99592057,Q145,RESIDES_IN,Location
Q26589163,Q145,RESIDES_IN,Location
Q26460932,Q145,RESIDES_IN,Location
Q80229,Q145,RESIDES_IN,Location
Q80582740,Q145,RESIDES_IN,Location
Q26277143,Q145,RESIDES_IN,Location
Q6747863,Q145,RESIDES_IN,Location
Q29492326,Q145,RESIDES_IN,Location
Q67180263,Q145,RESIDES_IN,Location
Q80859349,Q145,RESIDES_IN,Location
Q80476842,Q145,RESIDES_IN,Location
Q829558,Q145,RESIDES_IN,Location
Q79684545,Q145,RESIDES_IN,Location
Q4683676,Q145,RESIDES_IN,Location
Q80476902,Q145,RESIDES_IN,Location
Q26570933,Q145,RESIDES_IN,Location
Q4048005,Q145,RESIDES_IN,Location
Q26590387,Q145,RESIDES_IN,Location
Q80858629,Q145,RESIDES_IN,Location
Q99592215,Q145,RESIDES_IN,Location
Q80859298,Q145,RESIDES_IN,Location
Q502316,Q145,RESIDES_IN,Location
Q29482485,Q145,RESIDES_IN,Location
Q80584951,Q145,RESIDES_IN,Location
Q26557009,Q145,RESIDES_IN,Location
Q26519594,Q145,RESIDES_IN,Location
Q61923532,Q145,RESIDES_IN,Location
Q26585738,Q145,RESIDES_IN,Location
Q19654739,Q145,RESIDES_IN,Location
Q26682893,Q145,RESIDES_IN,Location
Q76434901,Q145,RESIDES_IN,Location
Q99591735,Q145,RESIDES_IN,Location
Q64767453,Q145,RESIDES_IN,Location
Q80583508,Q145,RESIDES_IN,Location
Q61868406,Q145,RESIDES_IN,Location
Q80577815,Q145,RESIDES_IN,Location
Q80582284,Q145,RESIDES_IN,Location
Q26392971,Q145,RESIDES_IN,Location
Q29483129,Q145,RESIDES_IN,Location
Q61923389,Q145,RESIDES_IN,Location
Q99591725,Q145,RESIDES_IN,Location
Q81310726,Q145,RESIDES_IN,Location
Q80582800,Q145,RESIDES_IN,Location
Q19420979,Q145,RESIDES_IN,Location
Q25108740,Q145,RESIDES_IN,Location
Q80585382,Q145,RESIDES_IN,Location
Q26511606,Q145,RESIDES_IN,Location
Q26487662,Q145,RESIDES_IN,Location
Q80584618,Q145,RESIDES_IN,Location
Q29506916,Q145,RESIDES_IN,Location
Q26322387,Q145,RESIDES_IN,Location
Q80858340,Q145,RESIDES_IN,Location
Q26321285,Q145,RESIDES_IN,Location
Q80859795,Q145,RESIDES_IN,Location
Q99938329,Q145,RESIDES_IN,Location
Q29490296,Q145,RESIDES_IN,Location
Q29159298,Q145,RESIDES_IN,Location
Q80857117,Q145,RESIDES_IN,Location
Q26539404,Q145,RESIDES_IN,Location
Q5025801,Q145,RESIDES_IN,Location
Q2357706,Q145,RESIDES_IN,Location
Q1105124,Q145,RESIDES_IN,Location
Q99592584,Q145,RESIDES_IN,Location
Q7413153,Q145,RESIDES_IN,Location
Q79683820,Q145,RESIDES_IN,Location
Q26358257,Q145,RESIDES_IN,Location
Q17018973,Q145,RESIDES_IN,Location
Q80856003,Q145,RESIDES_IN,Location
Q80477241,Q145,RESIDES_IN,Location
Q26469964,Q145,RESIDES_IN,Location
Q27080590,Q145,RESIDES_IN,Location
Q83558813,Q145,RESIDES_IN,Location
Q79684469,Q145,RESIDES_IN,Location
Q70628279,Q145,RESIDES_IN,Location
Q26322245,Q145,RESIDES_IN,Location
Q29487332,Q145,RESIDES_IN,Location
Q5438058,Q145,RESIDES_IN,Location
Q26308291,Q145,RESIDES_IN,Location
Q80476219,Q145,RESIDES_IN,Location
Q80584244,Q145,RESIDES_IN,Location
Q80582528,Q145,RESIDES_IN,Location
Q16988659,Q145,RESIDES_IN,Location
Q88915773,Q145,RESIDES_IN,Location
Q3023123,Q145,RESIDES_IN,Location
Q18748735,Q145,RESIDES_IN,Location
Q80583267,Q145,RESIDES_IN,Location
Q4921966,Q145,RESIDES_IN,Location
Q17020076,Q145,RESIDES_IN,Location
Q88973947,Q145,RESIDES_IN,Location
Q99591861,Q145,RESIDES_IN,Location
Q80858633,Q145,RESIDES_IN,Location
Q97666414,Q145,RESIDES_IN,Location
Q27087335,Q145,RESIDES_IN,Location
Q26630673,Q145,RESIDES_IN,Location
Q29501052,Q145,RESIDES_IN,Location
Q105199742,Q145,RESIDES_IN,Location
Q80476238,Q145,RESIDES_IN,Location
Q99592709,Q145,RESIDES_IN,Location
Q80582990,Q145,RESIDES_IN,Location
Q80584783,Q145,RESIDES_IN,Location
Q26622536,Q145,RESIDES_IN,Location
Q110026754,Q145,RESIDES_IN,Location
Q15979613,Q145,RESIDES_IN,Location
Q80584511,Q145,RESIDES_IN,Location
Q80584291,Q145,RESIDES_IN,Location
Q80476235,Q145,RESIDES_IN,Location
Q80585106,Q145,RESIDES_IN,Location
Q6668457,Q145,RESIDES_IN,Location
Q88917682,Q145,RESIDES_IN,Location
Q26520419,Q145,RESIDES_IN,Location
Q29491827,Q145,RESIDES_IN,Location
Q17031032,Q145,RESIDES_IN,Location
Q26570177,Q145,RESIDES_IN,Location
Q26592411,Q145,RESIDES_IN,Location
Q7566742,Q145,RESIDES_IN,Location
Q26411008,Q145,RESIDES_IN,Location
Q79466071,Q145,RESIDES_IN,Location
Q79684270,Q145,RESIDES_IN,Location
Q6392034,Q145,RESIDES_IN,Location
Q26397549,Q145,RESIDES_IN,Location
Q6944890,Q145,RESIDES_IN,Location
Q29482645,Q145,RESIDES_IN,Location
Q26530334,Q145,RESIDES_IN,Location
Q79683787,Q145,RESIDES_IN,Location
Q26655979,Q145,RESIDES_IN,Location
Q80583807,Q145,RESIDES_IN,Location
Q26674689,Q145,RESIDES_IN,Location
Q83558985,Q145,RESIDES_IN,Location
Q26410602,Q145,RESIDES_IN,Location
Q17033893,Q145,RESIDES_IN,Location
Q80583966,Q145,RESIDES_IN,Location
Q26648209,Q145,RESIDES_IN,Location
Q80855095,Q145,RESIDES_IN,Location
Q5137601,Q145,RESIDES_IN,Location
Q26384938,Q145,RESIDES_IN,Location
Q80583429,Q145,RESIDES_IN,Location
Q99592533,Q145,RESIDES_IN,Location
Q26407752,Q145,RESIDES_IN,Location
Q88916439,Q145,RESIDES_IN,Location
Q99592206,Q145,RESIDES_IN,Location
Q86525249,Q145,RESIDES_IN,Location
Q84850636,Q145,RESIDES_IN,Location
Q80582374,Q145,RESIDES_IN,Location
Q29995941,Q145,RESIDES_IN,Location
Q80585318,Q145,RESIDES_IN,Location
Q80582259,Q145,RESIDES_IN,Location
Q94737313,Q145,RESIDES_IN,Location
Q1166056,Q145,RESIDES_IN,Location
Q99591722,Q145,RESIDES_IN,Location
Q80855867,Q145,RESIDES_IN,Location
Q79466069,Q145,RESIDES_IN,Location
Q28406570,Q145,RESIDES_IN,Location
Q7596650,Q145,RESIDES_IN,Location
Q80857304,Q145,RESIDES_IN,Location
Q26627956,Q145,RESIDES_IN,Location
Q7218427,Q145,RESIDES_IN,Location
Q99593038,Q145,RESIDES_IN,Location
Q52152915,Q145,RESIDES_IN,Location
Q16995675,Q145,RESIDES_IN,Location
Q7814692,Q145,RESIDES_IN,Location
Q26503273,Q145,RESIDES_IN,Location
Q26416798,Q145,RESIDES_IN,Location
Q99593081,Q145,RESIDES_IN,Location
Q88916691,Q145,RESIDES_IN,Location
Q80582805,Q145,RESIDES_IN,Location
Q80855500,Q145,RESIDES_IN,Location
Q80859714,Q145,RESIDES_IN,Location
Q80582874,Q145,RESIDES_IN,Location
Q32904821,Q145,RESIDES_IN,Location
Q61915887,Q145,RESIDES_IN,Location
Q61902601,Q145,RESIDES_IN,Location
Q99592554,Q145,RESIDES_IN,Location
Q80859542,Q145,RESIDES_IN,Location
Q7970727,Q145,RESIDES_IN,Location
Q67175730,Q145,RESIDES_IN,Location
Q80855508,Q145,RESIDES_IN,Location
Q80581383,Q145,RESIDES_IN,Location
Q80582951,Q145,RESIDES_IN,Location
Q80857347,Q145,RESIDES_IN,Location
Q7096609,Q145,RESIDES_IN,Location
Q99592853,Q145,RESIDES_IN,Location
Q80585492,Q145,RESIDES_IN,Location
Q113677138,Q145,RESIDES_IN,Location
Q26653626,Q145,RESIDES_IN,Location
Q80581438,Q145,RESIDES_IN,Location
Q79683893,Q145,RESIDES_IN,Location
Q79684252,Q145,RESIDES_IN,Location
Q61863212,Q145,RESIDES_IN,Location
Q67874379,Q145,RESIDES_IN,Location
Q80855749,Q145,RESIDES_IN,Location
Q99550481,Q145,RESIDES_IN,Location
Q24950997,Q145,RESIDES_IN,Location
Q80582096,Q145,RESIDES_IN,Location
Q26507380,Q145,RESIDES_IN,Location
Q26304756,Q145,RESIDES_IN,Location
Q29486636,Q145,RESIDES_IN,Location
Q311277,Q145,RESIDES_IN,Location
Q80577998,Q145,RESIDES_IN,Location
Q80477344,Q145,RESIDES_IN,Location
Q83559701,Q145,RESIDES_IN,Location
Q80582931,Q145,RESIDES_IN,Location
Q50394888,Q145,RESIDES_IN,Location
Q88917073,Q145,RESIDES_IN,Location
Q26516986,Q145,RESIDES_IN,Location
Q80856880,Q145,RESIDES_IN,Location
Q26570413,Q145,RESIDES_IN,Location
Q80583142,Q145,RESIDES_IN,Location
Q61924011,Q145,RESIDES_IN,Location
Q15979214,Q145,RESIDES_IN,Location
Q26314894,Q145,RESIDES_IN,Location
Q61924001,Q145,RESIDES_IN,Location
Q80858696,Q145,RESIDES_IN,Location
Q26280237,Q145,RESIDES_IN,Location
Q80578304,Q145,RESIDES_IN,Location
Q4970636,Q145,RESIDES_IN,Location
Q26562923,Q145,RESIDES_IN,Location
Q88917031,Q145,RESIDES_IN,Location
Q26475962,Q145,RESIDES_IN,Location
Q88916377,Q145,RESIDES_IN,Location
Q80578021,Q145,RESIDES_IN,Location
Q7051138,Q145,RESIDES_IN,Location
Q26655904,Q145,RESIDES_IN,Location
Q26530931,Q145,RESIDES_IN,Location
Q26396882,Q145,RESIDES_IN,Location
Q99550474,Q145,RESIDES_IN,Location
Q61903181,Q145,RESIDES_IN,Location
Q80477185,Q145,RESIDES_IN,Location
Q61915757,Q145,RESIDES_IN,Location
Q5357303,Q145,RESIDES_IN,Location
Q88917355,Q145,RESIDES_IN,Location
Q26387780,Q145,RESIDES_IN,Location
Q26654675,Q145,RESIDES_IN,Location
Q5380010,Q145,RESIDES_IN,Location
Q26345974,Q145,RESIDES_IN,Location
Q13529180,Q145,RESIDES_IN,Location
Q26300005,Q145,RESIDES_IN,Location
Q5003258,Q145,RESIDES_IN,Location
Q107169285,Q145,RESIDES_IN,Location
Q80856096,Q145,RESIDES_IN,Location
Q113621108,Q145,RESIDES_IN,Location
Q26588684,Q145,RESIDES_IN,Location
Q26542419,Q145,RESIDES_IN,Location
Q88916431,Q145,RESIDES_IN,Location
Q25350611,Q145,RESIDES_IN,Location
Q26299308,Q145,RESIDES_IN,Location
Q61866042,Q145,RESIDES_IN,Location
Q29489108,Q145,RESIDES_IN,Location
Q29870161,Q145,RESIDES_IN,Location
Q29485486,Q145,RESIDES_IN,Location
Q99550491,Q145,RESIDES_IN,Location
Q42306824,Q145,RESIDES_IN,Location
Q160302,Q145,RESIDES_IN,Location
Q63285321,Q145,RESIDES_IN,Location
Q80577984,Q145,RESIDES_IN,Location
Q26547715,Q145,RESIDES_IN,Location
Q26576524,Q145,RESIDES_IN,Location
Q80585420,Q145,RESIDES_IN,Location
Q98172174,Q145,RESIDES_IN,Location
Q7333375,Q145,RESIDES_IN,Location
Q80582851,Q145,RESIDES_IN,Location
Q80858320,Q145,RESIDES_IN,Location
Q26628647,Q145,RESIDES_IN,Location
Q5373539,Q145,RESIDES_IN,Location
Q26537549,Q145,RESIDES_IN,Location
Q88916689,Q145,RESIDES_IN,Location
Q4787434,Q145,RESIDES_IN,Location
Q80583832,Q145,RESIDES_IN,Location
Q79461564,Q145,RESIDES_IN,Location
Q26656316,Q145,RESIDES_IN,Location
Q26498253,Q145,RESIDES_IN,Location
Q80858852,Q145,RESIDES_IN,Location
Q79684333,Q145,RESIDES_IN,Location
Q26467120,Q145,RESIDES_IN,Location
Q88917018,Q145,RESIDES_IN,Location
Q99593237,Q145,RESIDES_IN,Location
Q5353467,Q145,RESIDES_IN,Location
Q6819767,Q145,RESIDES_IN,Location
Q26503573,Q145,RESIDES_IN,Location
Q80584394,Q145,RESIDES_IN,Location
Q80581607,Q145,RESIDES_IN,Location
Q80577973,Q145,RESIDES_IN,Location
Q5050148,Q145,RESIDES_IN,Location
Q26578369,Q145,RESIDES_IN,Location
Q6843015,Q145,RESIDES_IN,Location
Q80577927,Q145,RESIDES_IN,Location
Q2123676,Q145,RESIDES_IN,Location
Q7191215,Q145,RESIDES_IN,Location
Q7622052,Q145,RESIDES_IN,Location
Q115059324,Q145,RESIDES_IN,Location
Q80581810,Q145,RESIDES_IN,Location
Q88917027,Q145,RESIDES_IN,Location
Q26632592,Q145,RESIDES_IN,Location
Q29493477,Q145,RESIDES_IN,Location
Q21006848,Q145,RESIDES_IN,Location
Q26639765,Q145,RESIDES_IN,Location
Q29494863,Q145,RESIDES_IN,Location
Q95831985,Q145,RESIDES_IN,Location
Q113462210,Q145,RESIDES_IN,Location
Q29487692,Q145,RESIDES_IN,Location
Q79461595,Q145,RESIDES_IN,Location
Q95917033,Q145,RESIDES_IN,Location
Q7075640,Q145,RESIDES_IN,Location
Q4666881,Q145,RESIDES_IN,Location
Q26626866,Q145,RESIDES_IN,Location
Q79684330,Q145,RESIDES_IN,Location
Q80477330,Q145,RESIDES_IN,Location
Q8057802,Q145,RESIDES_IN,Location
Q84081911,Q145,RESIDES_IN,Location
Q80582451,Q145,RESIDES_IN,Location
Q99592353,Q145,RESIDES_IN,Location
Q26664437,Q145,RESIDES_IN,Location
Q80582231,Q145,RESIDES_IN,Location
Q113559344,Q145,RESIDES_IN,Location
Q26588785,Q145,RESIDES_IN,Location
Q27083993,Q145,RESIDES_IN,Location
Q7540657,Q145,RESIDES_IN,Location
Q26647452,Q145,RESIDES_IN,Location
Q79461669,Q145,RESIDES_IN,Location
Q80581661,Q145,RESIDES_IN,Location
Q29488427,Q145,RESIDES_IN,Location
Q29486924,Q145,RESIDES_IN,Location
Q80584170,Q145,RESIDES_IN,Location
Q26605484,Q145,RESIDES_IN,Location
Q61903192,Q145,RESIDES_IN,Location
Q79684708,Q145,RESIDES_IN,Location
Q26326063,Q145,RESIDES_IN,Location
Q80476419,Q145,RESIDES_IN,Location
Q26515500,Q145,RESIDES_IN,Location
Q80857706,Q145,RESIDES_IN,Location
Q113627876,Q145,RESIDES_IN,Location
Q80857699,Q145,RESIDES_IN,Location
Q80585000,Q145,RESIDES_IN,Location
Q7761482,Q145,RESIDES_IN,Location
Q16994752,Q145,RESIDES_IN,Location
Q14955148,Q145,RESIDES_IN,Location
Q80857622,Q145,RESIDES_IN,Location
Q26592716,Q145,RESIDES_IN,Location
Q29483088,Q145,RESIDES_IN,Location
Q4764749,Q145,RESIDES_IN,Location
Q26408646,Q145,RESIDES_IN,Location
Q80583413,Q145,RESIDES_IN,Location
Q7073885,Q145,RESIDES_IN,Location
Q80583201,Q145,RESIDES_IN,Location
Q88917378,Q145,RESIDES_IN,Location
Q99593145,Q145,RESIDES_IN,Location
Q5616590,Q145,RESIDES_IN,Location
Q109435482,Q145,RESIDES_IN,Location
Q50376943,Q145,RESIDES_IN,Location
Q26638933,Q145,RESIDES_IN,Location
Q16937150,Q145,RESIDES_IN,Location
Q1462745,Q145,RESIDES_IN,Location
Q80858972,Q145,RESIDES_IN,Location
Q29482006,Q145,RESIDES_IN,Location
Q61876266,Q145,RESIDES_IN,Location
Q26606650,Q145,RESIDES_IN,Location
Q26470460,Q145,RESIDES_IN,Location
Q7847685,Q145,RESIDES_IN,Location
Q7918384,Q145,RESIDES_IN,Location
Q80856330,Q145,RESIDES_IN,Location
Q4763422,Q145,RESIDES_IN,Location
Q19597771,Q145,RESIDES_IN,Location
Q70628227,Q145,RESIDES_IN,Location
Q99592560,Q145,RESIDES_IN,Location
Q88917374,Q145,RESIDES_IN,Location
Q26596570,Q145,RESIDES_IN,Location
Q80856518,Q145,RESIDES_IN,Location
Q4683851,Q145,RESIDES_IN,Location
Q26321342,Q145,RESIDES_IN,Location
Q80477274,Q145,RESIDES_IN,Location
Q80581668,Q145,RESIDES_IN,Location
Q26640812,Q145,RESIDES_IN,Location
Q79838226,Q145,RESIDES_IN,Location
Q111551390,Q145,RESIDES_IN,Location
Q99591742,Q145,RESIDES_IN,Location
Q26589436,Q145,RESIDES_IN,Location
Q50008,Q145,RESIDES_IN,Location
Q88916058,Q145,RESIDES_IN,Location
Q80856192,Q145,RESIDES_IN,Location
Q16952137,Q145,RESIDES_IN,Location
Q26340649,Q145,RESIDES_IN,Location
Q80582079,Q145,RESIDES_IN,Location
Q88917706,Q145,RESIDES_IN,Location
Q63295526,Q145,RESIDES_IN,Location
Q99591900,Q145,RESIDES_IN,Location
Q5519439,Q145,RESIDES_IN,Location
Q26503191,Q145,RESIDES_IN,Location
Q26387534,Q145,RESIDES_IN,Location
Q29487383,Q145,RESIDES_IN,Location
Q7719162,Q145,RESIDES_IN,Location
Q20878136,Q145,RESIDES_IN,Location
Q29491657,Q145,RESIDES_IN,Location
Q26643972,Q145,RESIDES_IN,Location
Q110916035,Q145,RESIDES_IN,Location
Q80859666,Q145,RESIDES_IN,Location
Q80585269,Q145,RESIDES_IN,Location
Q2905595,Q145,RESIDES_IN,Location
Q26647457,Q145,RESIDES_IN,Location
Q61567322,Q145,RESIDES_IN,Location
Q26651426,Q145,RESIDES_IN,Location
Q7970276,Q145,RESIDES_IN,Location
Q80859144,Q145,RESIDES_IN,Location
Q26394719,Q145,RESIDES_IN,Location
Q26585908,Q145,RESIDES_IN,Location
Q7840487,Q145,RESIDES_IN,Location
Q80859445,Q145,RESIDES_IN,Location
Q1090880,Q145,RESIDES_IN,Location
Q26439584,Q145,RESIDES_IN,Location
Q17361860,Q145,RESIDES_IN,Location
Q80856759,Q145,RESIDES_IN,Location
Q80584254,Q145,RESIDES_IN,Location
Q818147,Q145,RESIDES_IN,Location
Q80584852,Q145,RESIDES_IN,Location
Q26602525,Q145,RESIDES_IN,Location
Q83558997,Q145,RESIDES_IN,Location
Q29486488,Q145,RESIDES_IN,Location
Q80583640,Q145,RESIDES_IN,Location
Q80582617,Q145,RESIDES_IN,Location
Q26548882,Q145,RESIDES_IN,Location
Q68441695,Q145,RESIDES_IN,Location
Q99593224,Q145,RESIDES_IN,Location
Q26631554,Q145,RESIDES_IN,Location
Q661005,Q145,RESIDES_IN,Location
Q80584914,Q145,RESIDES_IN,Location
Q730587,Q145,RESIDES_IN,Location
Q99592940,Q145,RESIDES_IN,Location
Q80581602,Q145,RESIDES_IN,Location
Q80856186,Q145,RESIDES_IN,Location
Q191551,Q145,RESIDES_IN,Location
Q20666931,Q145,RESIDES_IN,Location
Q26417431,Q145,RESIDES_IN,Location
Q80856512,Q145,RESIDES_IN,Location
Q79684208,Q145,RESIDES_IN,Location
Q79683951,Q145,RESIDES_IN,Location
Q26299594,Q145,RESIDES_IN,Location
Q61890119,Q145,RESIDES_IN,Location
Q15225054,Q145,RESIDES_IN,Location
Q80581618,Q145,RESIDES_IN,Location
Q26602775,Q145,RESIDES_IN,Location
Q29496171,Q145,RESIDES_IN,Location
Q80583358,Q145,RESIDES_IN,Location
Q80583874,Q145,RESIDES_IN,Location
Q17017872,Q145,RESIDES_IN,Location
Q26462874,Q145,RESIDES_IN,Location
Q80859636,Q145,RESIDES_IN,Location
Q99593243,Q145,RESIDES_IN,Location
Q65089470,Q145,RESIDES_IN,Location
Q26320149,Q145,RESIDES_IN,Location
Q26510064,Q145,RESIDES_IN,Location
Q79683885,Q145,RESIDES_IN,Location
Q547924,Q145,RESIDES_IN,Location
Q99593079,Q145,RESIDES_IN,Location
Q105358035,Q145,RESIDES_IN,Location
Q17555026,Q145,RESIDES_IN,Location
Q71828738,Q145,RESIDES_IN,Location
Q26402924,Q145,RESIDES_IN,Location
Q26320031,Q145,RESIDES_IN,Location
Q79684714,Q145,RESIDES_IN,Location
Q80581644,Q145,RESIDES_IN,Location
Q26372310,Q145,RESIDES_IN,Location
Q88915758,Q145,RESIDES_IN,Location
Q16855513,Q145,RESIDES_IN,Location
Q80585349,Q145,RESIDES_IN,Location
Q99592152,Q145,RESIDES_IN,Location
Q83558907,Q145,RESIDES_IN,Location
Q26617788,Q145,RESIDES_IN,Location
Q7718916,Q145,RESIDES_IN,Location
Q99592465,Q145,RESIDES_IN,Location
Q16994281,Q145,RESIDES_IN,Location
Q16984453,Q145,RESIDES_IN,Location
Q26391933,Q145,RESIDES_IN,Location
Q7720233,Q145,RESIDES_IN,Location
Q26653842,Q145,RESIDES_IN,Location
Q80585308,Q145,RESIDES_IN,Location
Q5101775,Q145,RESIDES_IN,Location
Q109038110,Q145,RESIDES_IN,Location
Q26318820,Q145,RESIDES_IN,Location
Q26314922,Q145,RESIDES_IN,Location
Q865528,Q145,RESIDES_IN,Location
Q26425490,Q145,RESIDES_IN,Location
Q80476676,Q145,RESIDES_IN,Location
Q2647558,Q145,RESIDES_IN,Location
Q80583827,Q145,RESIDES_IN,Location
Q26292716,Q145,RESIDES_IN,Location
Q88916115,Q145,RESIDES_IN,Location
Q26496516,Q145,RESIDES_IN,Location
Q26421785,Q145,RESIDES_IN,Location
Q26550134,Q145,RESIDES_IN,Location
Q99592474,Q145,RESIDES_IN,Location
Q26511140,Q145,RESIDES_IN,Location
Q80583586,Q145,RESIDES_IN,Location
Q814309,Q145,RESIDES_IN,Location
Q17744342,Q145,RESIDES_IN,Location
Q52512660,Q145,RESIDES_IN,Location
Q61890225,Q145,RESIDES_IN,Location
Q6658631,Q145,RESIDES_IN,Location
Q99593156,Q145,RESIDES_IN,Location
Q1333399,Q145,RESIDES_IN,Location
Q17036182,Q145,RESIDES_IN,Location
Q29502336,Q145,RESIDES_IN,Location
Q16987251,Q145,RESIDES_IN,Location
Q4881063,Q145,RESIDES_IN,Location
Q5296370,Q145,RESIDES_IN,Location
Q16997942,Q145,RESIDES_IN,Location
Q80858063,Q145,RESIDES_IN,Location
Q26554779,Q145,RESIDES_IN,Location
Q714491,Q145,RESIDES_IN,Location
Q3042717,Q145,RESIDES_IN,Location
Q80583330,Q145,RESIDES_IN,Location
Q5212723,Q145,RESIDES_IN,Location
Q112918699,Q145,RESIDES_IN,Location
Q26551995,Q145,RESIDES_IN,Location
Q5519813,Q145,RESIDES_IN,Location
Q88916130,Q145,RESIDES_IN,Location
Q4879250,Q145,RESIDES_IN,Location
Q21008653,Q145,RESIDES_IN,Location
Q26451656,Q145,RESIDES_IN,Location
Q26559299,Q145,RESIDES_IN,Location
Q26434118,Q145,RESIDES_IN,Location
Q26586962,Q145,RESIDES_IN,Location
Q99593062,Q145,RESIDES_IN,Location
Q17834447,Q145,RESIDES_IN,Location
Q61707579,Q145,RESIDES_IN,Location
Q7741518,Q145,RESIDES_IN,Location
Q80583405,Q145,RESIDES_IN,Location
Q7882404,Q145,RESIDES_IN,Location
Q17020120,Q145,RESIDES_IN,Location
Q79683929,Q145,RESIDES_IN,Location
Q5267845,Q145,RESIDES_IN,Location
Q26534555,Q145,RESIDES_IN,Location
Q5399713,Q145,RESIDES_IN,Location
Q26622870,Q145,RESIDES_IN,Location
Q26465500,Q145,RESIDES_IN,Location
Q26658116,Q145,RESIDES_IN,Location
Q80859009,Q145,RESIDES_IN,Location
Q80856746,Q145,RESIDES_IN,Location
Q79424133,Q145,RESIDES_IN,Location
Q80585290,Q145,RESIDES_IN,Location
Q1136085,Q145,RESIDES_IN,Location
Q26599552,Q145,RESIDES_IN,Location
Q80583444,Q145,RESIDES_IN,Location
Q29488349,Q145,RESIDES_IN,Location
Q26626543,Q145,RESIDES_IN,Location
Q54817659,Q145,RESIDES_IN,Location
Q7046090,Q145,RESIDES_IN,Location
Q1123947,Q145,RESIDES_IN,Location
Q81838610,Q145,RESIDES_IN,Location
Q26570316,Q145,RESIDES_IN,Location
Q99593187,Q145,RESIDES_IN,Location
Q110285045,Q145,RESIDES_IN,Location
Q80583396,Q145,RESIDES_IN,Location
Q80859103,Q145,RESIDES_IN,Location
Q79684306,Q145,RESIDES_IN,Location
Q26559218,Q145,RESIDES_IN,Location
Q50378456,Q145,RESIDES_IN,Location
Q26308946,Q145,RESIDES_IN,Location
Q27085366,Q145,RESIDES_IN,Location
Q5236716,Q145,RESIDES_IN,Location
Q99592693,Q145,RESIDES_IN,Location
Q26460671,Q145,RESIDES_IN,Location
Q26552134,Q145,RESIDES_IN,Location
Q80577830,Q145,RESIDES_IN,Location
Q29490061,Q145,RESIDES_IN,Location
Q29486163,Q145,RESIDES_IN,Location
Q26410012,Q145,RESIDES_IN,Location
Q26601507,Q145,RESIDES_IN,Location
Q110475904,Q145,RESIDES_IN,Location
Q81047875,Q145,RESIDES_IN,Location
Q15979571,Q145,RESIDES_IN,Location
Q26547384,Q145,RESIDES_IN,Location
Q48818046,Q145,RESIDES_IN,Location
Q61923972,Q145,RESIDES_IN,Location
Q26346394,Q145,RESIDES_IN,Location
Q99592365,Q145,RESIDES_IN,Location
Q69647678,Q145,RESIDES_IN,Location
Q26385269,Q145,RESIDES_IN,Location
Q16845703,Q145,RESIDES_IN,Location
Q17741440,Q145,RESIDES_IN,Location
Q26375451,Q145,RESIDES_IN,Location
Q26548451,Q145,RESIDES_IN,Location
Q87737839,Q145,RESIDES_IN,Location
Q5322942,Q145,RESIDES_IN,Location
Q26433667,Q145,RESIDES_IN,Location
Q80583626,Q145,RESIDES_IN,Location
Q80858378,Q145,RESIDES_IN,Location
Q26629933,Q145,RESIDES_IN,Location
Q29488239,Q145,RESIDES_IN,Location
Q99593071,Q145,RESIDES_IN,Location
Q80855815,Q145,RESIDES_IN,Location
Q260230,Q145,RESIDES_IN,Location
Q5677754,Q145,RESIDES_IN,Location
Q80858796,Q145,RESIDES_IN,Location
Q26571877,Q145,RESIDES_IN,Location
Q80583071,Q145,RESIDES_IN,Location
Q80856499,Q145,RESIDES_IN,Location
Q79466066,Q145,RESIDES_IN,Location
Q112478443,Q145,RESIDES_IN,Location
Q67180169,Q145,RESIDES_IN,Location
Q79683753,Q145,RESIDES_IN,Location
Q26499499,Q145,RESIDES_IN,Location
Q109925049,Q145,RESIDES_IN,Location
Q79684161,Q145,RESIDES_IN,Location
Q29486642,Q145,RESIDES_IN,Location
Q17019665,Q145,RESIDES_IN,Location
Q26451197,Q145,RESIDES_IN,Location
Q80582400,Q145,RESIDES_IN,Location
Q81047808,Q145,RESIDES_IN,Location
Q5928422,Q145,RESIDES_IN,Location
Q26673106,Q145,RESIDES_IN,Location
Q6677525,1_employee_count,EMPLOYEE_COUNT_BAND,Quant_Metric
Q491748,5_employee_count,EMPLOYEE_COUNT_BAND,Quant_Metric
Q489097,4_employee_count,EMPLOYEE_COUNT_BAND,Quant_Metric
Q157062,2_employee_count,EMPLOYEE_COUNT_BAND,Quant_Metric
Q152057,1_employee_count,EMPLOYEE_COUNT_BAND,Quant_Metric
Q245343,1_employee_count,EMPLOYEE_COUNT_BAND,Quant_Metric
Q731938,1_employee_count,EMPLOYEE_COUNT_BAND,Quant_Metric
Q122141,1_employee_count,EMPLOYEE_COUNT_BAND,Quant_Metric
Q739518,1_employee_count,EMPLOYEE_COUNT_BAND,Quant_Metric
Q494917,1_employee_count,EMPLOYEE_COUNT_BAND,Quant_Metric
Q593786,1_employee_count,EMPLOYEE_COUNT_BAND,Quant_Metric
Q160126,2_employee_count,EMPLOYEE_COUNT_BAND,Quant_Metric
Q190464,3_employee_count,EMPLOYEE_COUNT_BAND,Quant_Metric
Q1318049,1_employee_count,EMPLOYEE_COUNT_BAND,Quant_Metric
Q212322,1_employee_count,EMPLOYEE_COUNT_BAND,Quant_Metric
Q548278,1_employee_count,EMPLOYEE_COUNT_BAND,Quant_Metric
Q1424962,1_employee_count,EMPLOYEE_COUNT_BAND,Quant_Metric
Q488048,4_employee_count,EMPLOYEE_COUNT_BAND,Quant_Metric
Q1322045,9_employee_count,EMPLOYEE_COUNT_BAND,Quant_Metric
Q771734,1_employee_count,EMPLOYEE_COUNT_BAND,Quant_Metric
Q487494,6_employee_count,EMPLOYEE_COUNT_BAND,Quant_Metric
Q297410,2_employee_count,EMPLOYEE_COUNT_BAND,Quant_Metric
Q154950,1_employee_count,EMPLOYEE_COUNT_BAND,Quant_Metric
Q541451,1_employee_count,EMPLOYEE_COUNT_BAND,Quant_Metric
Q739416,1_employee_count,EMPLOYEE_COUNT_BAND,Quant_Metric
Q2357706,1_employee_count,EMPLOYEE_COUNT_BAND,Quant_Metric
Q714491,1_employee_count,EMPLOYEE_COUNT_BAND,Quant_Metric
Q8766,1_profit,PROFIT_BAND,Quant_Metric
Q1562826,1_profit,PROFIT_BAND,Quant_Metric
Q157062,4_profit,PROFIT_BAND,Quant_Metric
Q152057,2_profit,PROFIT_BAND,Quant_Metric
Q190464,2_profit,PROFIT_BAND,Quant_Metric
Q154950,9_profit,PROFIT_BAND,Quant_Metric
Q152057,2_assets,ASSETS_BAND,Quant_Metric
Q190464,9_assets,ASSETS_BAND,Quant_Metric
Q154950,1_assets,ASSETS_BAND,Quant_Metric
Q152057,4_equity,EQUITY_BAND,Quant_Metric
Q122141,2_equity,EQUITY_BAND,Quant_Metric
Q190464,9_equity,EQUITY_BAND,Quant_Metric
Q154950,9_equity,EQUITY_BAND,Quant_Metric
Q821293,1_market_cap,MARKET_CAP_BAND,Quant_Metric
Q122141,2_market_cap,MARKET_CAP_BAND,Quant_Metric
Q190464,9_market_cap,MARKET_CAP_BAND,Quant_Metric
